frameNo,left,top,w,h,conf,lat,long,alt
1543,3721.0,685.0,74.0,35.0,0.0,23.055988,72.506014,132.588
1544,3712.0,684.0,81.0,37.0,0.0,23.055988,72.506014,132.586
1545,3705.0,685.0,85.0,37.0,0.0,23.055988,72.506014,132.586
1546,3694.0,685.0,88.0,38.0,0.0,23.055988,72.506014,132.586
1547,3695.0,687.0,90.0,38.0,0.0,23.055988,72.506014,132.586
1548,3691.0,687.0,91.0,37.0,0.0,23.055988,72.506014,132.586
1549,3689.0,687.0,90.0,36.0,0.0,23.055988,72.506014,132.586
1550,3688.0,686.0,91.0,36.0,0.0,23.055988,72.506014,132.584
1551,3688.0,686.0,88.0,36.0,0.0,23.055988,72.506014,132.584
1552,3688.0,686.0,86.0,36.0,0.0,23.055988,72.506014,132.584
1553,3687.0,687.0,86.0,36.0,0.0,23.055988,72.506014,132.584
1554,3692.0,687.0,80.0,35.0,0.0,23.055988,72.506014,132.584
1555,3697.0,689.0,74.0,35.0,0.0,23.055988,72.506014,132.584
1556,3697.0,690.0,70.0,35.0,0.0,23.055988,72.506014,132.579
1557,3698.0,692.0,66.0,35.0,0.0,23.055988,72.506014,132.579
1558,3692.0,691.0,67.0,35.0,0.0,23.055988,72.506014,132.579
1559,3692.0,694.0,64.0,35.0,0.0,23.055988,72.506014,132.579
1560,3687.0,694.0,65.0,35.0,0.0,23.055988,72.506014,132.579
1561,3684.0,695.0,64.0,34.0,0.0,23.055988,72.506014,132.579
1562,3676.0,695.0,67.0,34.0,0.0,23.055988,72.506014,132.576
1563,3674.0,694.0,68.0,34.0,0.0,23.055988,72.506014,132.576
1564,3667.0,695.0,70.0,33.0,0.0,23.055988,72.506014,132.576
1565,3667.0,695.0,70.0,33.0,0.0,23.055988,72.506014,132.576
1566,3665.0,696.0,69.0,32.0,0.0,23.055988,72.506014,132.576
1567,3662.0,696.0,69.0,32.0,0.0,23.055988,72.506014,132.576
1568,3662.0,697.0,67.0,31.0,0.0,23.055988,72.506014,132.571
1569,3660.0,697.0,66.0,30.0,0.0,23.055988,72.506014,132.571
1570,3662.0,698.0,62.0,30.0,0.0,23.055988,72.506014,132.571
1571,3657.0,697.0,63.0,30.0,0.0,23.055988,72.506014,132.571
1572,3657.0,699.0,62.0,29.0,0.0,23.055988,72.506014,132.571
1573,3653.0,699.0,63.0,29.0,0.0,23.055988,72.506014,132.571
1574,3650.0,698.0,65.0,29.0,0.0,23.055988,72.506014,132.572
1575,3642.0,697.0,68.0,29.0,0.0,23.055988,72.506014,132.572
1576,3641.0,697.0,67.0,29.0,0.0,23.055988,72.506014,132.572
1577,3637.0,697.0,68.0,30.0,0.0,23.055988,72.506014,132.572
1578,3635.0,698.0,67.0,29.0,0.0,23.055988,72.506014,132.572
1579,3635.0,698.0,66.0,29.0,0.0,23.055988,72.506014,132.572
1580,3632.0,698.0,65.0,29.0,0.0,23.055988,72.506014,132.568
1581,3634.0,699.0,62.0,29.0,0.0,23.055988,72.506014,132.568
1582,3625.0,698.0,64.0,29.0,0.0,23.055988,72.506014,132.568
1583,3622.0,697.0,65.0,30.0,0.0,23.055988,72.506014,132.568
1584,3616.0,697.0,66.0,29.0,0.0,23.055988,72.506014,132.568
1585,3616.0,698.0,64.0,29.0,0.0,23.055988,72.506014,132.568
1586,3612.0,697.0,64.0,29.0,0.0,23.055988,72.506014,132.561
1587,3612.0,698.0,63.0,30.0,0.0,23.055988,72.506014,132.561
1588,3609.0,698.0,64.0,30.0,0.0,23.055988,72.506014,132.561
1589,3609.0,699.0,63.0,30.0,0.0,23.055988,72.506014,132.561
1590,3606.0,699.0,64.0,30.0,0.0,23.055988,72.506014,132.561
1591,3604.0,700.0,62.0,29.0,0.0,23.055988,72.506014,132.561
1592,3602.0,699.0,61.0,30.0,0.0,23.055988,72.506014,132.551
1593,3598.0,698.0,61.0,30.0,0.0,23.055988,72.506014,132.551
1594,3596.0,698.0,61.0,29.0,0.0,23.055988,72.506014,132.551
1595,3590.0,697.0,63.0,31.0,0.0,23.055988,72.506014,132.551
1596,3589.0,698.0,62.0,30.0,0.0,23.055988,72.506014,132.551
1597,3581.0,697.0,66.0,31.0,0.0,23.055988,72.506014,132.551
1598,3577.0,696.0,68.0,32.0,0.0,23.055988,72.506014,132.54
1599,3572.0,696.0,70.0,32.0,0.0,23.055988,72.506014,132.54
1600,3570.0,697.0,69.0,31.0,0.0,23.055988,72.506014,132.54
1601,3566.0,695.0,68.0,32.0,0.0,23.055988,72.506014,132.54
1602,3565.0,695.0,66.0,32.0,0.0,23.055988,72.506014,132.54
1603,3559.0,696.0,67.0,32.0,0.0,23.055988,72.506014,132.54
1604,3561.0,696.0,66.0,32.0,0.0,23.055988,72.506014,132.529
1605,3554.0,698.0,66.0,31.0,0.0,23.055988,72.506014,132.529
1606,3549.0,698.0,68.0,31.0,0.0,23.055988,72.506014,132.529
1607,3546.0,700.0,69.0,31.0,0.0,23.055988,72.506014,132.529
1608,3546.0,701.0,68.0,31.0,0.0,23.055988,72.506014,132.529
1609,3543.0,704.0,67.0,30.0,0.0,23.055988,72.506014,132.529
1610,3541.0,704.0,66.0,30.0,0.0,23.055988,72.506014,132.519
1611,3537.0,704.5,66.5,30.0,0.0,23.055988,72.506014,132.519
1612,3533.0,705.0,67.0,30.0,0.0,23.055988,72.506014,132.519
1613,3529.0,705.5,67.5,30.0,0.0,23.055988,72.506014,132.519
1614,3525.0,706.0,68.0,30.0,0.0,23.055988,72.506014,132.519
1615,3525.0,705.0,67.0,30.0,0.0,23.055988,72.506014,132.519
1616,3521.0,707.0,71.0,30.0,0.0,23.055988,72.506014,132.502
1617,3517.0,708.0,72.0,30.0,0.0,23.055988,72.506014,132.502
1618,3515.0,709.0,72.0,30.0,0.0,23.055988,72.506014,132.502
1619,3509.0,712.0,73.0,29.0,0.0,23.055988,72.506014,132.502
1620,3504.0,712.0,73.0,29.0,0.0,23.055988,72.506014,132.502
1621,3500.0,712.0,75.0,29.0,0.0,23.055988,72.506014,132.502
1622,3499.0,713.0,74.0,29.0,0.0,23.055988,72.506014,132.492
1623,3501.0,715.0,72.0,28.0,0.0,23.055988,72.506014,132.492
1624,3497.0,717.0,72.0,28.0,0.0,23.055988,72.506014,132.492
1625,3492.0,720.0,73.0,28.0,0.0,23.055988,72.506014,132.492
1626,3488.0,722.0,73.0,28.0,0.0,23.055988,72.506014,132.492
1627,3487.0,722.0,73.0,28.0,0.0,23.055988,72.506014,132.492
1628,3483.0,724.0,75.0,28.0,0.0,23.055989,72.506014,132.479
1629,3481.0,725.0,74.0,29.0,0.0,23.055989,72.506014,132.479
1630,3478.0,727.0,73.0,29.0,0.0,23.055989,72.506014,132.479
1631,3476.0,728.0,74.0,30.0,0.0,23.055989,72.506014,132.479
1632,3473.0,729.0,73.0,31.0,0.0,23.055989,72.506014,132.479
1633,3470.0,730.0,74.0,32.0,0.0,23.055989,72.506014,132.479
1634,3468.0,729.0,75.0,33.0,0.0,23.055988,72.506013,132.472
1635,3465.0,730.0,77.0,35.0,0.0,23.055988,72.506013,132.472
1636,3464.0,733.0,76.0,35.0,0.0,23.055988,72.506013,132.472
1637,3465.0,736.0,73.0,36.0,0.0,23.055988,72.506013,132.472
1638,3465.0,738.0,70.0,37.0,0.0,23.055988,72.506013,132.472
1639,3464.0,742.0,70.0,37.0,0.0,23.055988,72.506013,132.472
1640,3463.0,743.0,68.0,37.0,0.0,23.055988,72.506013,132.465
1641,3460.0,743.0,68.0,41.0,0.0,23.055988,72.506013,132.465
1642,3460.0,746.0,67.0,40.0,0.0,23.055988,72.506013,132.465
1643,3459.0,748.0,66.0,42.0,0.0,23.055988,72.506013,132.465
1644,3456.0,749.0,67.0,43.0,0.0,23.055988,72.506013,132.465
1645,3454.0,752.0,67.0,44.0,0.0,23.055988,72.506013,132.465
1646,3450.0,755.0,67.0,45.0,0.0,23.055988,72.506013,132.458
1647,3449.0,756.0,67.0,46.0,0.0,23.055988,72.506013,132.458
1648,3446.0,759.0,68.0,47.0,0.0,23.055988,72.506013,132.458
1649,3445.0,760.0,67.0,47.0,0.0,23.055988,72.506013,132.458
1650,3444.0,762.0,67.0,46.0,0.0,23.055988,72.506013,132.458
1651,3438.0,764.0,67.0,47.0,0.0,23.055988,72.506013,132.458
1652,3440.0,766.0,64.0,48.0,0.0,23.055988,72.506013,132.453
1653,3440.0,770.0,64.0,46.0,0.0,23.055988,72.506013,132.453
1654,3437.0,772.0,62.0,46.0,0.0,23.055988,72.506013,132.453
1655,3434.0,775.0,63.0,47.0,0.0,23.055988,72.506013,132.453
1656,3431.0,779.0,64.0,47.0,0.0,23.055988,72.506013,132.453
1657,3431.0,781.0,62.0,46.0,0.0,23.055988,72.506013,132.453
1658,3428.0,786.0,63.0,45.0,0.0,23.055988,72.506013,132.443
1659,3425.1153846153848,788.2692307692307,63.73076923076923,44.96153846153846,0.0,23.055988,72.506013,132.44234615384616
1660,3422.230769230769,790.5384615384615,64.46153846153847,44.92307692307692,0.0,23.055988,72.506013,132.4416923076923
1661,3419.346153846154,792.8076923076923,65.1923076923077,44.88461538461539,0.0,23.055988,72.506013,132.44103846153848
1662,3416.4615384615386,795.0769230769231,65.92307692307692,44.84615384615385,0.0,23.055988,72.506013,132.44038461538463
1663,3413.576923076923,797.3461538461538,66.65384615384616,44.80769230769231,0.0,23.055988,72.506013,132.43973076923078
1664,3410.6923076923076,799.6153846153846,67.38461538461539,44.76923076923077,0.0,23.055988,72.506013,132.43907692307693
1665,3407.8076923076924,801.8846153846154,68.11538461538461,44.73076923076923,0.0,23.055988,72.506013,132.43842307692307
1666,3404.923076923077,804.1538461538462,68.84615384615384,44.69230769230769,0.0,23.055988,72.506013,132.43776923076925
1667,3402.0384615384614,806.4230769230769,69.57692307692308,44.65384615384615,0.0,23.055988,72.506013,132.4371153846154
1668,3399.153846153846,808.6923076923077,70.3076923076923,44.61538461538461,0.0,23.055988,72.506013,132.43646153846154
1669,3396.269230769231,810.9615384615385,71.03846153846153,44.57692307692308,0.0,23.055988,72.506013,132.4358076923077
1670,3393.3846153846152,813.2307692307693,71.76923076923077,44.53846153846154,0.0,23.055988,72.506013,132.43515384615384
1671,3390.5,815.5,72.5,44.5,0.0,23.055988,72.506013,132.4345
1672,3387.6153846153848,817.7692307692307,73.23076923076923,44.46153846153846,0.0,23.055988,72.506013,132.43384615384616
1673,3384.730769230769,820.0384615384615,73.96153846153847,44.42307692307692,0.0,23.055988,72.506013,132.4331923076923
1674,3381.846153846154,822.3076923076923,74.6923076923077,44.38461538461539,0.0,23.055988,72.506013,132.43253846153846
1675,3378.9615384615386,824.5769230769231,75.42307692307692,44.34615384615385,0.0,23.055988,72.506013,132.4318846153846
1676,3376.076923076923,826.8461538461538,76.15384615384616,44.30769230769231,0.0,23.055988,72.506013,132.43123076923075
1677,3373.1923076923076,829.1153846153846,76.88461538461539,44.26923076923077,0.0,23.055988,72.506013,132.43057692307693
1678,3370.3076923076924,831.3846153846154,77.61538461538461,44.23076923076923,0.0,23.055988,72.506013,132.42992307692307
1679,3367.423076923077,833.6538461538462,78.34615384615384,44.19230769230769,0.0,23.055988,72.506013,132.42926923076922
1680,3364.5384615384614,835.9230769230769,79.07692307692308,44.15384615384615,0.0,23.055988,72.506013,132.42861538461537
1681,3361.653846153846,838.1923076923077,79.8076923076923,44.11538461538461,0.0,23.055988,72.506013,132.42796153846152
1682,3358.769230769231,840.4615384615385,80.53846153846153,44.07692307692308,0.0,23.055988,72.506013,132.4273076923077
1683,3355.8846153846152,842.7307692307693,81.26923076923077,44.03846153846154,0.0,23.055988,72.506013,132.42665384615384
1684,3353.0,845.0,82.0,44.0,0.0,23.055988,72.506013,132.426
1685,3337.0,846.0,98.0,53.0,0.0,23.055988,72.506013,132.426
1686,3338.0,846.0,95.0,52.0,0.0,23.055988,72.506013,132.426
1687,3346.0,848.0,91.0,47.0,0.0,23.055988,72.506013,132.426
1688,3341.0,850.0,91.0,46.0,0.0,23.055988,72.506013,132.427
1689,3339.0,853.0,87.0,45.0,0.0,23.055988,72.506013,132.427
1690,3337.060344827586,855.3965517241379,86.67241379310344,44.974137931034484,0.0,23.055988,72.506013,132.4264224137931
1691,3335.1206896551726,857.7931034482758,86.34482758620689,44.94827586206897,0.0,23.055988,72.506013,132.4258448275862
1692,3333.1810344827586,860.1896551724138,86.01724137931035,44.922413793103445,0.0,23.055988,72.506013,132.42526724137932
1693,3331.2413793103447,862.5862068965517,85.6896551724138,44.89655172413793,0.0,23.055988,72.506013,132.42468965517241
1694,3329.301724137931,864.9827586206897,85.36206896551724,44.87068965517241,0.0,23.055988,72.506013,132.4241120689655
1695,3327.362068965517,867.3793103448276,85.03448275862068,44.8448275862069,0.0,23.055988,72.506013,132.4235344827586
1696,3325.4224137931033,869.7758620689655,84.70689655172414,44.81896551724138,0.0,23.055988,72.506013,132.4229568965517
1697,3323.4827586206898,872.1724137931035,84.37931034482759,44.793103448275865,0.0,23.055988,72.506013,132.4223793103448
1698,3321.543103448276,874.5689655172414,84.05172413793103,44.76724137931034,0.0,23.055988,72.506013,132.42180172413794
1699,3319.603448275862,876.9655172413793,83.72413793103448,44.741379310344826,0.0,23.055988,72.506013,132.42122413793103
1700,3317.6637931034484,879.3620689655172,83.39655172413794,44.71551724137931,0.0,23.055988,72.506013,132.42064655172413
1701,3315.7241379310344,881.7586206896551,83.06896551724138,44.689655172413794,0.0,23.055988,72.506013,132.42006896551723
1702,3313.7844827586205,884.1551724137931,82.74137931034483,44.66379310344828,0.0,23.055988,72.506013,132.41949137931033
1703,3311.844827586207,886.551724137931,82.41379310344827,44.63793103448276,0.0,23.055988,72.506013,132.41891379310346
1704,3309.905172413793,888.948275862069,82.08620689655173,44.61206896551724,0.0,23.055988,72.506013,132.41833620689656
1705,3307.9655172413795,891.3448275862069,81.75862068965517,44.58620689655172,0.0,23.055988,72.506013,132.41775862068965
1706,3306.0258620689656,893.7413793103449,81.43103448275862,44.560344827586206,0.0,23.055988,72.506013,132.41718103448275
1707,3304.0862068965516,896.1379310344828,81.10344827586206,44.53448275862069,0.0,23.055988,72.506013,132.41660344827585
1708,3302.146551724138,898.5344827586207,80.77586206896552,44.508620689655174,0.0,23.055988,72.506013,132.41602586206895
1709,3300.206896551724,900.9310344827586,80.44827586206897,44.48275862068966,0.0,23.055988,72.506013,132.41544827586208
1710,3298.2672413793102,903.3275862068965,80.12068965517241,44.456896551724135,0.0,23.055988,72.506013,132.41487068965517
1711,3296.3275862068967,905.7241379310345,79.79310344827586,44.43103448275862,0.0,23.055988,72.506013,132.41429310344827
1712,3294.387931034483,908.1206896551724,79.46551724137932,44.4051724137931,0.0,23.055988,72.506013,132.41371551724137
1713,3292.448275862069,910.5172413793103,79.13793103448276,44.37931034482759,0.0,23.055988,72.506013,132.41313793103447
1714,3290.5086206896553,912.9137931034483,78.8103448275862,44.35344827586207,0.0,23.055988,72.506013,132.4125603448276
1715,3288.5689655172414,915.3103448275862,78.48275862068965,44.327586206896555,0.0,23.055988,72.506013,132.4119827586207
1716,3286.6293103448274,917.7068965517242,78.15517241379311,44.30172413793103,0.0,23.055988,72.506013,132.4114051724138
1717,3284.689655172414,920.1034482758621,77.82758620689656,44.275862068965516,0.0,23.055988,72.506013,132.4108275862069
1718,3282.75,922.5,77.5,44.25,0.0,23.055988,72.506013,132.41025
1719,3280.810344827586,924.8965517241379,77.17241379310344,44.224137931034484,0.0,23.055988,72.506013,132.4096724137931
1720,3278.8706896551726,927.2931034482758,76.84482758620689,44.19827586206897,0.0,23.055988,72.506013,132.40909482758622
1721,3276.9310344827586,929.6896551724138,76.51724137931035,44.172413793103445,0.0,23.055988,72.506013,132.40851724137931
1722,3274.9913793103447,932.0862068965517,76.1896551724138,44.14655172413793,0.0,23.055988,72.506013,132.4079396551724
1723,3273.051724137931,934.4827586206897,75.86206896551724,44.12068965517241,0.0,23.055988,72.506013,132.4073620689655
1724,3271.112068965517,936.8793103448276,75.5344827586207,44.0948275862069,0.0,23.055988,72.506013,132.4067844827586
1725,3269.1724137931033,939.2758620689656,75.20689655172414,44.06896551724138,0.0,23.055988,72.506013,132.40620689655174
1726,3267.2327586206898,941.6724137931035,74.87931034482759,44.043103448275865,0.0,23.055988,72.506013,132.40562931034484
1727,3265.293103448276,944.0689655172414,74.55172413793103,44.01724137931034,0.0,23.055988,72.506013,132.40505172413793
1728,3263.353448275862,946.4655172413793,74.22413793103448,43.991379310344826,0.0,23.055988,72.506013,132.40447413793103
1729,3261.4137931034484,948.8620689655172,73.89655172413794,43.96551724137931,0.0,23.055988,72.506013,132.40389655172413
1730,3259.4741379310344,951.2586206896551,73.56896551724138,43.939655172413794,0.0,23.055988,72.506013,132.40331896551723
1731,3257.5344827586205,953.6551724137931,73.24137931034483,43.91379310344828,0.0,23.055988,72.506013,132.40274137931036
1732,3255.594827586207,956.051724137931,72.91379310344827,43.88793103448276,0.0,23.055988,72.506013,132.40216379310345
1733,3253.655172413793,958.448275862069,72.58620689655173,43.86206896551724,0.0,23.055988,72.506013,132.40158620689655
1734,3251.7155172413795,960.8448275862069,72.25862068965517,43.83620689655172,0.0,23.055988,72.506013,132.40100862068965
1735,3249.7758620689656,963.2413793103449,71.93103448275862,43.810344827586206,0.0,23.055988,72.506013,132.40043103448275
1736,3247.8362068965516,965.6379310344828,71.60344827586206,43.78448275862069,0.0,23.055988,72.506013,132.39985344827588
1737,3245.896551724138,968.0344827586207,71.27586206896552,43.758620689655174,0.0,23.055988,72.506013,132.39927586206898
1738,3243.956896551724,970.4310344827586,70.94827586206897,43.73275862068966,0.0,23.055988,72.506013,132.39869827586207
1739,3242.0172413793102,972.8275862068965,70.62068965517241,43.706896551724135,0.0,23.055988,72.506013,132.39812068965517
1740,3240.0775862068967,975.2241379310344,70.29310344827586,43.68103448275862,0.0,23.055988,72.506013,132.39754310344827
1741,3238.137931034483,977.6206896551724,69.9655172413793,43.6551724137931,0.0,23.055988,72.506013,132.39696551724137
1742,3236.198275862069,980.0172413793103,69.63793103448276,43.62931034482759,0.0,23.055988,72.506013,132.3963879310345
1743,3234.2586206896553,982.4137931034483,69.3103448275862,43.60344827586207,0.0,23.055988,72.506013,132.3958103448276
1744,3232.3189655172414,984.8103448275863,68.98275862068965,43.577586206896555,0.0,23.055988,72.506013,132.3952327586207
1745,3230.3793103448274,987.2068965517242,68.65517241379311,43.55172413793103,0.0,23.055988,72.506013,132.3946551724138
1746,3228.439655172414,989.6034482758621,68.32758620689656,43.525862068965516,0.0,23.055988,72.506013,132.3940775862069
1747,3226.5,992.0,68.0,43.5,0.0,23.055988,72.506013,132.39350000000002
1748,3224.560344827586,994.3965517241379,67.67241379310344,43.474137931034484,0.0,23.055988,72.506013,132.39292241379312
1749,3222.6206896551726,996.7931034482758,67.34482758620689,43.44827586206897,0.0,23.055988,72.506013,132.39234482758621
1750,3220.6810344827586,999.1896551724138,67.01724137931035,43.422413793103445,0.0,23.055988,72.506013,132.3917672413793
1751,3218.7413793103447,1001.5862068965517,66.6896551724138,43.39655172413793,0.0,23.055988,72.506013,132.3911896551724
1752,3216.801724137931,1003.9827586206897,66.36206896551724,43.37068965517241,0.0,23.055988,72.506013,132.3906120689655
1753,3214.862068965517,1006.3793103448276,66.0344827586207,43.3448275862069,0.0,23.055988,72.506013,132.39003448275864
1754,3212.9224137931033,1008.7758620689656,65.70689655172414,43.31896551724138,0.0,23.055988,72.506013,132.38945689655174
1755,3210.9827586206898,1011.1724137931035,65.37931034482759,43.293103448275865,0.0,23.055988,72.506013,132.38887931034483
1756,3209.043103448276,1013.5689655172414,65.05172413793103,43.26724137931034,0.0,23.055988,72.506013,132.38830172413793
1757,3207.103448275862,1015.9655172413793,64.72413793103448,43.241379310344826,0.0,23.055988,72.506013,132.38772413793103
1758,3205.1637931034484,1018.3620689655172,64.39655172413794,43.21551724137931,0.0,23.055988,72.506013,132.38714655172413
1759,3203.2241379310344,1020.7586206896551,64.06896551724138,43.189655172413794,0.0,23.055988,72.506013,132.38656896551726
1760,3201.2844827586205,1023.1551724137931,63.741379310344826,43.16379310344828,0.0,23.055988,72.506013,132.38599137931035
1761,3199.344827586207,1025.5517241379312,63.41379310344828,43.13793103448276,0.0,23.055988,72.506013,132.38541379310345
1762,3197.405172413793,1027.9482758620688,63.08620689655173,43.11206896551724,0.0,23.055988,72.506013,132.38483620689655
1763,3195.4655172413795,1030.344827586207,62.758620689655174,43.08620689655172,0.0,23.055988,72.506013,132.38425862068965
1764,3193.5258620689656,1032.7413793103449,62.43103448275862,43.060344827586206,0.0,23.055988,72.506013,132.38368103448278
1765,3191.5862068965516,1035.1379310344828,62.10344827586207,43.03448275862069,0.0,23.055988,72.506013,132.38310344827588
1766,3189.646551724138,1037.5344827586207,61.77586206896552,43.008620689655174,0.0,23.055988,72.506013,132.38252586206897
1767,3187.706896551724,1039.9310344827586,61.44827586206897,42.98275862068966,0.0,23.055988,72.506013,132.38194827586207
1768,3185.7672413793102,1042.3275862068965,61.12068965517241,42.956896551724135,0.0,23.055988,72.506013,132.38137068965517
1769,3183.8275862068967,1044.7241379310344,60.793103448275865,42.93103448275862,0.0,23.055988,72.506013,132.38079310344827
1770,3181.887931034483,1047.1206896551723,60.46551724137931,42.9051724137931,0.0,23.055988,72.506013,132.3802155172414
1771,3179.948275862069,1049.5172413793102,60.13793103448276,42.87931034482759,0.0,23.055988,72.506013,132.3796379310345
1772,3178.0086206896553,1051.9137931034484,59.810344827586206,42.85344827586207,0.0,23.055988,72.506013,132.3790603448276
1773,3176.0689655172414,1054.3103448275863,59.48275862068965,42.827586206896555,0.0,23.055988,72.506013,132.3784827586207
1774,3174.1293103448274,1056.7068965517242,59.1551724137931,42.80172413793103,0.0,23.055988,72.506013,132.3779051724138
1775,3172.189655172414,1059.103448275862,58.827586206896555,42.775862068965516,0.0,23.055988,72.506013,132.37732758620692
1776,3170.25,1061.5,58.5,42.75,0.0,23.055988,72.506013,132.37675000000002
1777,3168.310344827586,1063.896551724138,58.172413793103445,42.724137931034484,0.0,23.055988,72.506013,132.3761724137931
1778,3166.3706896551726,1066.2931034482758,57.8448275862069,42.69827586206897,0.0,23.055988,72.506013,132.3755948275862
1779,3164.4310344827586,1068.6896551724137,57.51724137931035,42.672413793103445,0.0,23.055988,72.506013,132.3750172413793
1780,3162.4913793103447,1071.0862068965516,57.189655172413794,42.64655172413793,0.0,23.055988,72.506013,132.3744396551724
1781,3160.551724137931,1073.4827586206898,56.86206896551724,42.62068965517241,0.0,23.055988,72.506013,132.37386206896554
1782,3158.612068965517,1075.8793103448277,56.53448275862069,42.5948275862069,0.0,23.055988,72.506013,132.37328448275863
1783,3156.6724137931033,1078.2758620689656,56.20689655172414,42.56896551724138,0.0,23.055988,72.506013,132.37270689655173
1784,3154.7327586206898,1080.6724137931035,55.87931034482759,42.543103448275865,0.0,23.055988,72.506013,132.37212931034483
1785,3152.793103448276,1083.0689655172414,55.55172413793103,42.51724137931034,0.0,23.055988,72.506013,132.37155172413793
1786,3150.853448275862,1085.4655172413793,55.224137931034484,42.491379310344826,0.0,23.055988,72.506013,132.37097413793106
1787,3148.9137931034484,1087.8620689655172,54.89655172413793,42.46551724137931,0.0,23.055988,72.506013,132.37039655172416
1788,3146.9741379310344,1090.2586206896551,54.56896551724138,42.439655172413794,0.0,23.055988,72.506013,132.36981896551725
1789,3145.0344827586205,1092.655172413793,54.241379310344826,42.41379310344828,0.0,23.055988,72.506013,132.36924137931035
1790,3143.094827586207,1095.0517241379312,53.91379310344828,42.38793103448276,0.0,23.055988,72.506013,132.36866379310345
1791,3141.155172413793,1097.4482758620688,53.58620689655172,42.36206896551724,0.0,23.055988,72.506013,132.36808620689655
1792,3139.2155172413795,1099.844827586207,53.258620689655174,42.33620689655172,0.0,23.055988,72.506013,132.36750862068968
1793,3137.2758620689656,1102.2413793103449,52.93103448275862,42.310344827586206,0.0,23.055988,72.506013,132.36693103448277
1794,3135.3362068965516,1104.6379310344828,52.60344827586207,42.28448275862069,0.0,23.055988,72.506013,132.36635344827587
1795,3133.396551724138,1107.0344827586207,52.275862068965516,42.258620689655174,0.0,23.055988,72.506013,132.36577586206897
1796,3131.456896551724,1109.4310344827586,51.94827586206897,42.23275862068966,0.0,23.055988,72.506013,132.36519827586207
1797,3129.5172413793102,1111.8275862068965,51.62068965517241,42.206896551724135,0.0,23.055988,72.506013,132.3646206896552
1798,3127.5775862068967,1114.2241379310344,51.293103448275865,42.18103448275862,0.0,23.055988,72.506013,132.3640431034483
1799,3125.637931034483,1116.6206896551726,50.96551724137931,42.1551724137931,0.0,23.055988,72.506013,132.3634655172414
1800,3123.698275862069,1119.0172413793102,50.63793103448276,42.12931034482759,0.0,23.055988,72.506013,132.3628879310345
1801,3121.7586206896553,1121.4137931034484,50.310344827586206,42.10344827586207,0.0,23.055988,72.506013,132.3623103448276
1802,3119.8189655172414,1123.8103448275863,49.98275862068966,42.077586206896555,0.0,23.055988,72.506013,132.3617327586207
1803,3117.8793103448274,1126.2068965517242,49.6551724137931,42.05172413793103,0.0,23.055988,72.506013,132.36115517241382
1804,3115.939655172414,1128.603448275862,49.327586206896555,42.025862068965516,0.0,23.055988,72.506013,132.36057758620692
1805,3114.0,1131.0,49.0,42.0,0.0,23.055988,72.506013,132.36
1806,3110.8205128205127,1133.871794871795,49.64102564102564,41.84615384615385,0.0,23.055988,72.50601302564102,132.3596153846154
1807,3107.641025641026,1136.7435897435898,50.282051282051285,41.69230769230769,0.0,23.055988,72.50601305128205,132.35923076923078
1808,3104.4615384615386,1139.6153846153845,50.92307692307692,41.53846153846154,0.0,23.055988,72.50601307692307,132.35884615384617
1809,3101.2820512820513,1142.4871794871794,51.56410256410256,41.38461538461539,0.0,23.055988,72.5060131025641,132.35846153846154
1810,3098.102564102564,1145.3589743589744,52.205128205128204,41.23076923076923,0.0,23.055988,72.50601312820513,132.35807692307694
1811,3094.923076923077,1148.2307692307693,52.84615384615385,41.07692307692308,0.0,23.055988,72.50601315384615,132.35769230769233
1812,3091.74358974359,1151.1025641025642,53.48717948717949,40.92307692307692,0.0,23.055988,72.50601317948717,132.3573076923077
1813,3088.5641025641025,1153.974358974359,54.12820512820513,40.76923076923077,0.0,23.055988,72.5060132051282,132.3569230769231
1814,3085.3846153846152,1156.8461538461538,54.769230769230774,40.61538461538461,0.0,23.055988,72.50601323076923,132.35653846153846
1815,3082.2051282051284,1159.7179487179487,55.41025641025641,40.46153846153846,0.0,23.055988,72.50601325641026,132.35615384615386
1816,3079.025641025641,1162.5897435897436,56.05128205128205,40.30769230769231,0.0,23.055988,72.50601328205127,132.35576923076923
1817,3075.846153846154,1165.4615384615386,56.69230769230769,40.15384615384615,0.0,23.055988,72.5060133076923,132.35538461538462
1818,3072.6666666666665,1168.3333333333333,57.333333333333336,40.0,0.0,23.055988,72.50601333333333,132.35500000000002
1819,3069.4871794871797,1171.2051282051282,57.97435897435898,39.84615384615385,0.0,23.055988,72.50601335897436,132.35461538461539
1820,3066.3076923076924,1174.076923076923,58.61538461538461,39.69230769230769,0.0,23.055988,72.50601338461539,132.35423076923078
1821,3063.128205128205,1176.948717948718,59.256410256410255,39.53846153846154,0.0,23.055988,72.5060134102564,132.35384615384615
1822,3059.948717948718,1179.8205128205127,59.8974358974359,39.38461538461539,0.0,23.055988,72.50601343589743,132.35346153846154
1823,3056.769230769231,1182.6923076923076,60.53846153846154,39.23076923076923,0.0,23.055988,72.50601346153846,132.35307692307694
1824,3053.5897435897436,1185.5641025641025,61.17948717948718,39.07692307692308,0.0,23.055988,72.50601348717949,132.3526923076923
1825,3050.4102564102564,1188.4358974358975,61.82051282051282,38.92307692307692,0.0,23.055988,72.5060135128205,132.3523076923077
1826,3047.230769230769,1191.3076923076924,62.46153846153847,38.76923076923077,0.0,23.055988,72.50601353846153,132.35192307692307
1827,3044.051282051282,1194.1794871794873,63.1025641025641,38.61538461538461,0.0,23.055988,72.50601356410256,132.35153846153847
1828,3040.871794871795,1197.051282051282,63.743589743589745,38.46153846153846,0.0,23.055988,72.50601358974359,132.35115384615386
1829,3037.6923076923076,1199.923076923077,64.38461538461539,38.30769230769231,0.0,23.055988,72.5060136153846,132.35076923076923
1830,3034.5128205128203,1202.7948717948718,65.02564102564102,38.15384615384615,0.0,23.055988,72.50601364102563,132.35038461538463
1831,3031.3333333333335,1205.6666666666667,65.66666666666667,38.0,0.0,23.055988,72.50601366666666,132.35
1832,3028.153846153846,1208.5384615384614,66.3076923076923,37.84615384615385,0.0,23.055988,72.50601369230769,132.3496153846154
1833,3024.974358974359,1211.4102564102564,66.94871794871796,37.69230769230769,0.0,23.055988,72.50601371794872,132.3492307692308
1834,3021.7948717948716,1214.2820512820513,67.58974358974359,37.53846153846154,0.0,23.055988,72.50601374358973,132.34884615384615
1835,3018.6153846153848,1217.1538461538462,68.23076923076923,37.38461538461539,0.0,23.055988,72.50601376923076,132.34846153846155
1836,3015.4358974358975,1220.025641025641,68.87179487179488,37.23076923076923,0.0,23.055988,72.50601379487179,132.34807692307692
1837,3012.25641025641,1222.8974358974358,69.51282051282051,37.07692307692308,0.0,23.055988,72.50601382051282,132.3476923076923
1838,3009.076923076923,1225.7692307692307,70.15384615384616,36.92307692307692,0.0,23.055988,72.50601384615383,132.34730769230768
1839,3005.897435897436,1228.6410256410256,70.7948717948718,36.76923076923077,0.0,23.055988,72.50601387179486,132.34692307692308
1840,3002.7179487179487,1231.5128205128206,71.43589743589743,36.61538461538461,0.0,23.055988,72.50601389743589,132.34653846153847
1841,2999.5384615384614,1234.3846153846155,72.07692307692308,36.46153846153846,0.0,23.055988,72.50601392307692,132.34615384615384
1842,2996.3589743589746,1237.2564102564102,72.71794871794872,36.30769230769231,0.0,23.055988,72.50601394871794,132.34576923076924
1843,2993.1794871794873,1240.128205128205,73.35897435897436,36.15384615384615,0.0,23.055988,72.50601397435896,132.3453846153846
1844,2990.0,1243.0,74.0,36.0,0.0,23.055988,72.506014,132.345
1845,2994.0,1246.0,72.0,36.0,0.0,23.055988,72.506014,132.345
1846,2995.0,1247.0,69.0,35.0,0.0,23.055988,72.506014,132.345
1847,2983.0,1248.0,73.0,35.0,0.0,23.055988,72.506014,132.345
1848,2982.0,1250.0,73.0,35.0,0.0,23.055988,72.506014,132.345
1849,2978.0,1251.0,75.0,36.0,0.0,23.055988,72.506014,132.345
1850,2967.0,1253.0,79.0,36.0,0.0,23.055988,72.506014,132.342
1851,2974.0,1254.0,76.0,36.0,0.0,23.055988,72.506014,132.342
1852,2975.0,1257.0,71.0,35.0,0.0,23.055988,72.506014,132.342
1853,2969.0,1259.0,73.0,35.0,0.0,23.055988,72.506014,132.342
1854,2971.0,1261.0,69.0,34.0,0.0,23.055988,72.506014,132.342
1855,2975.0,1263.0,64.0,34.0,0.0,23.055988,72.506014,132.342
1856,2973.0,1265.0,61.0,33.0,0.0,23.055988,72.506014,132.345
1857,2975.0,1267.0,57.0,32.0,0.0,23.055988,72.506014,132.345
1858,2974.0,1267.0,54.0,32.0,0.0,23.055988,72.506014,132.345
1859,2965.0,1270.0,57.0,31.0,0.0,23.055988,72.506014,132.345
1860,2963.0,1272.0,56.0,30.0,0.0,23.055988,72.506014,132.345
1861,2958.5,1273.75,56.75,30.0,0.0,23.055988,72.506014,132.3435
1862,2954.0,1275.5,57.5,30.0,0.0,23.055988,72.506014,132.34199999999998
1863,2949.5,1277.25,58.25,30.0,0.0,23.055988,72.506014,132.3405
1864,2945.0,1279.0,59.0,30.0,0.0,23.055988,72.506014,132.339
1865,2942.0,1280.0,61.0,30.0,0.0,23.055988,72.506014,132.339
1866,2940.0,1283.0,60.0,31.0,0.0,23.055988,72.506014,132.339
1867,2935.0,1285.0,59.0,30.0,0.0,23.055988,72.506014,132.339
1868,2931.0,1287.0,59.0,30.0,0.0,23.055988,72.506014,132.344
1869,2927.0,1289.0,59.0,30.0,0.0,23.055988,72.506014,132.344
1870,2924.0,1290.0,57.0,30.0,0.0,23.055988,72.506014,132.344
1871,2921.0,1291.0,56.0,30.0,0.0,23.055988,72.506014,132.344
1872,2922.0,1291.0,54.0,30.0,0.0,23.055988,72.506014,132.344
1873,2920.0,1293.0,51.0,30.0,0.0,23.055988,72.506014,132.344
1874,2914.0,1295.0,54.0,31.0,0.0,23.055988,72.506014,132.345
1875,2909.0,1297.0,53.0,30.0,0.0,23.055988,72.506014,132.345
1876,2906.0,1297.0,52.0,30.0,0.0,23.055988,72.506014,132.345
1877,2908.0,1298.0,50.0,29.0,0.0,23.055988,72.506014,132.345
1878,2902.0,1299.25,51.75,29.25,0.0,23.055988,72.506014,132.34625
1879,2896.0,1300.5,53.5,29.5,0.0,23.055988,72.506014,132.3475
1880,2890.0,1301.75,55.25,29.75,0.0,23.055988,72.506014,132.34875
1881,2884.0,1303.0,57.0,30.0,0.0,23.055988,72.506014,132.35
1882,2885.0,1305.0,55.0,30.0,0.0,23.055988,72.506014,132.35
1883,2882.0,1305.0,55.0,30.0,0.0,23.055988,72.506014,132.35
1884,2876.0,1306.0,55.0,31.0,0.0,23.055988,72.506014,132.35
1885,2871.0,1309.0,54.0,30.0,0.0,23.055988,72.506014,132.35
1886,2868.0,1310.0,55.0,30.0,0.0,23.055988,72.506014,132.347
1887,2867.0,1311.0,54.0,30.0,0.0,23.055988,72.506014,132.347
1888,2865.0,1311.0,53.0,30.0,0.0,23.055988,72.506014,132.347
1889,2859.0,1312.0,53.0,30.0,0.0,23.055988,72.506014,132.347
1890,2856.0,1313.0,54.0,30.0,0.0,23.055988,72.506014,132.347
1891,2853.3333333333335,1314.0,53.5,29.833333333333332,0.0,23.055988,72.506014,132.3485
1892,2850.6666666666665,1315.0,53.0,29.666666666666668,0.0,23.055988,72.506014,132.35
1893,2848.0,1316.0,52.5,29.5,0.0,23.055988,72.506014,132.3515
1894,2845.3333333333335,1317.0,52.0,29.333333333333332,0.0,23.055988,72.506014,132.353
1895,2842.6666666666665,1318.0,51.5,29.166666666666668,0.0,23.055988,72.506014,132.3545
1896,2840.0,1319.0,51.0,29.0,0.0,23.055988,72.506014,132.356
1897,2833.0,1319.0,53.0,29.0,0.0,23.055988,72.506014,132.356
1898,2829.5,1320.05,53.35,29.4,0.0,23.055988,72.506014,132.35675
1899,2826.0,1321.1,53.7,29.8,0.0,23.055988,72.506014,132.3575
1900,2822.5,1322.15,54.05,30.2,0.0,23.055988,72.506014,132.35825
1901,2819.0,1323.2,54.4,30.6,0.0,23.055988,72.506014,132.359
1902,2815.5,1324.25,54.75,31.0,0.0,23.055988,72.506014,132.35975
1903,2812.0,1325.3,55.1,31.4,0.0,23.055988,72.506014,132.3605
1904,2808.5,1326.35,55.45,31.8,0.0,23.055988,72.506014,132.36125
1905,2805.0,1327.4,55.8,32.2,0.0,23.055988,72.506014,132.362
1906,2801.5,1328.45,56.15,32.6,0.0,23.055988,72.506014,132.36275
1907,2798.0,1329.5,56.5,33.0,0.0,23.055988,72.506014,132.3635
1908,2794.5,1330.55,56.85,33.4,0.0,23.055988,72.506014,132.36425
1909,2791.0,1331.6,57.2,33.8,0.0,23.055988,72.506014,132.365
1910,2787.5,1332.65,57.55,34.2,0.0,23.055988,72.506014,132.36575
1911,2784.0,1333.7,57.9,34.6,0.0,23.055988,72.506014,132.3665
1912,2780.5,1334.75,58.25,35.0,0.0,23.055988,72.506014,132.36725
1913,2777.0,1335.8,58.6,35.4,0.0,23.055988,72.506014,132.368
1914,2773.5,1336.85,58.95,35.8,0.0,23.055988,72.506014,132.36875
1915,2770.0,1337.9,59.3,36.2,0.0,23.055988,72.506014,132.36950000000002
1916,2766.5,1338.95,59.65,36.6,0.0,23.055988,72.506014,132.37025
1917,2763.0,1340.0,60.0,37.0,0.0,23.055988,72.506014,132.371
1918,2761.0,1342.0,54.0,35.0,0.0,23.055988,72.506014,132.371
1919,2757.0,1343.0,50.0,34.0,0.0,23.055988,72.506014,132.371
1920,2753.0,1345.0,50.0,34.0,0.0,23.055988,72.506014,132.371
1921,2748.0,1347.0,50.0,33.0,0.0,23.055988,72.506014,132.376
1922,2746.0,1347.0,50.0,34.0,0.0,23.055988,72.506014,132.376
1923,2742.0,1348.0,50.0,33.0,0.0,23.055988,72.506014,132.376
1924,2736.0,1349.0,53.0,33.0,0.0,23.055988,72.506014,132.376
1925,2732.0,1347.0,51.0,35.0,0.0,23.055988,72.506014,132.376
1926,2728.0,1348.0,50.0,34.0,0.0,23.055988,72.506014,132.376
1927,2724.25,1348.75,50.75,33.25,0.0,23.055988,72.506014,132.377
1928,2720.5,1349.5,51.5,32.5,0.0,23.055988,72.506014,132.378
1929,2716.75,1350.25,52.25,31.75,0.0,23.055988,72.506014,132.379
1930,2713.0,1351.0,53.0,31.0,0.0,23.055988,72.506014,132.38
1931,2708.375,1351.25,53.625,30.875,0.0,23.055988,72.506014,132.379875
1932,2703.75,1351.5,54.25,30.75,0.0,23.055988,72.506014,132.37975
1933,2699.125,1351.75,54.875,30.625,0.0,23.055988,72.506014,132.379625
1934,2694.5,1352.0,55.5,30.5,0.0,23.055988,72.506014,132.3795
1935,2689.875,1352.25,56.125,30.375,0.0,23.055988,72.506014,132.37937499999998
1936,2685.25,1352.5,56.75,30.25,0.0,23.055988,72.506014,132.37924999999998
1937,2680.625,1352.75,57.375,30.125,0.0,23.055988,72.506014,132.379125
1938,2676.0,1353.0,58.0,30.0,0.0,23.055988,72.506014,132.379
1939,2672.5555555555557,1353.4444444444443,57.888888888888886,30.22222222222222,0.0,23.055988,72.506014,132.37983333333332
1940,2669.1111111111113,1353.888888888889,57.77777777777778,30.444444444444443,0.0,23.055988,72.506014,132.38066666666666
1941,2665.6666666666665,1354.3333333333333,57.666666666666664,30.666666666666668,0.0,23.055988,72.506014,132.3815
1942,2662.222222222222,1354.7777777777778,57.55555555555556,30.88888888888889,0.0,23.055988,72.506014,132.38233333333332
1943,2658.777777777778,1355.2222222222222,57.44444444444444,31.11111111111111,0.0,23.055988,72.506014,132.38316666666665
1944,2655.3333333333335,1355.6666666666667,57.333333333333336,31.333333333333332,0.0,23.055988,72.506014,132.384
1945,2651.8888888888887,1356.111111111111,57.22222222222222,31.555555555555557,0.0,23.055988,72.506014,132.38483333333332
1946,2648.4444444444443,1356.5555555555557,57.111111111111114,31.77777777777778,0.0,23.055988,72.506014,132.38566666666665
1947,2645.0,1357.0,57.0,32.0,0.0,23.055988,72.506014,132.3865
1948,2641.5555555555557,1357.4444444444443,56.888888888888886,32.22222222222222,0.0,23.055988,72.506014,132.38733333333334
1949,2638.1111111111113,1357.888888888889,56.77777777777778,32.44444444444444,0.0,23.055988,72.506014,132.38816666666668
1950,2634.6666666666665,1358.3333333333333,56.666666666666664,32.666666666666664,0.0,23.055988,72.506014,132.389
1951,2631.222222222222,1358.7777777777778,56.55555555555556,32.888888888888886,0.0,23.055988,72.506014,132.38983333333334
1952,2627.777777777778,1359.2222222222222,56.44444444444444,33.111111111111114,0.0,23.055988,72.506014,132.39066666666668
1953,2624.3333333333335,1359.6666666666667,56.333333333333336,33.333333333333336,0.0,23.055988,72.506014,132.3915
1954,2620.8888888888887,1360.111111111111,56.22222222222222,33.55555555555556,0.0,23.055988,72.506014,132.39233333333334
1955,2617.4444444444443,1360.5555555555557,56.111111111111114,33.77777777777778,0.0,23.055988,72.506014,132.39316666666667
1956,2614.0,1361.0,56.0,34.0,0.0,23.055988,72.506014,132.394
1957,2616.0,1363.0,53.0,34.0,0.0,23.055988,72.506014,132.397
1958,2616.0,1364.0,46.0,33.0,0.0,23.055988,72.506014,132.397
1959,2612.6666666666665,1365.5,45.75,32.833333333333336,0.0,23.055988,72.506014,132.39816666666667
1960,2609.3333333333335,1367.0,45.5,32.666666666666664,0.0,23.055988,72.506014,132.39933333333332
1961,2606.0,1368.5,45.25,32.5,0.0,23.055988,72.506014,132.4005
1962,2602.6666666666665,1370.0,45.0,32.333333333333336,0.0,23.055988,72.506014,132.40166666666667
1963,2599.3333333333335,1371.5,44.75,32.166666666666664,0.0,23.055988,72.506014,132.40283333333332
1964,2596.0,1373.0,44.5,32.0,0.0,23.055988,72.506014,132.404
1965,2592.6666666666665,1374.5,44.25,31.833333333333332,0.0,23.055988,72.506014,132.40516666666667
1966,2589.3333333333335,1376.0,44.0,31.666666666666668,0.0,23.055988,72.506014,132.40633333333332
1967,2586.0,1377.5,43.75,31.5,0.0,23.055988,72.506014,132.4075
1968,2582.6666666666665,1379.0,43.5,31.333333333333332,0.0,23.055988,72.506014,132.40866666666668
1969,2579.3333333333335,1380.5,43.25,31.166666666666668,0.0,23.055988,72.506014,132.40983333333332
1970,2576.0,1382.0,43.0,31.0,0.0,23.055988,72.506014,132.411
1971,2572.4545454545455,1383.1818181818182,42.63636363636363,30.727272727272727,0.0,23.055988,72.506014,132.41172727272726
1972,2568.909090909091,1384.3636363636363,42.27272727272727,30.454545454545453,0.0,23.055988,72.506014,132.41245454545455
1973,2565.3636363636365,1385.5454545454545,41.90909090909091,30.181818181818183,0.0,23.055988,72.506014,132.4131818181818
1974,2561.818181818182,1386.7272727272727,41.54545454545455,29.90909090909091,0.0,23.055988,72.506014,132.4139090909091
1975,2558.2727272727275,1387.909090909091,41.18181818181818,29.636363636363637,0.0,23.055988,72.506014,132.41463636363636
1976,2554.7272727272725,1389.090909090909,40.81818181818182,29.363636363636363,0.0,23.055988,72.506014,132.41536363636365
1977,2551.181818181818,1390.2727272727273,40.45454545454545,29.09090909090909,0.0,23.055988,72.506014,132.4160909090909
1978,2547.6363636363635,1391.4545454545455,40.09090909090909,28.81818181818182,0.0,23.055988,72.506014,132.4168181818182
1979,2544.090909090909,1392.6363636363637,39.72727272727273,28.545454545454547,0.0,23.055988,72.506014,132.41754545454546
1980,2540.5454545454545,1393.8181818181818,39.36363636363636,28.272727272727273,0.0,23.055988,72.506014,132.41827272727275
1981,2537.0,1395.0,39.0,28.0,0.0,23.055988,72.506014,132.419
1982,2534.0,1395.0,38.0,28.0,0.0,23.055988,72.506014,132.43
1983,2534.0,1395.0,35.0,27.0,0.0,23.055988,72.506014,132.43
1984,2524.0,1395.0,42.0,30.0,0.0,23.055988,72.506014,132.43
1985,2518.5,1396.75,44.5,30.5,0.0,23.055988,72.506014,132.4315
1986,2513.0,1398.5,47.0,31.0,0.0,23.055988,72.506014,132.433
1987,2507.5,1400.25,49.5,31.5,0.0,23.055988,72.506014,132.4345
1988,2502.0,1402.0,52.0,32.0,0.0,23.055988,72.506014,132.436
1989,2495.0,1403.0,55.0,33.0,0.0,23.055988,72.506014,132.436
1990,2493.0,1406.0,54.0,31.0,0.0,23.055988,72.506014,132.436
1991,2493.0,1407.0,52.0,32.0,0.0,23.055988,72.506014,132.436
1992,2491.0,1408.0,50.0,30.0,0.0,23.055988,72.506014,132.436
1993,2487.0,1409.0,50.0,30.0,0.0,23.055988,72.506014,132.446
1994,2482.285714285714,1410.142857142857,50.714285714285715,30.0,0.0,23.055988,72.506014,132.44685714285714
1995,2477.5714285714284,1411.2857142857142,51.42857142857143,30.0,0.0,23.055988,72.506014,132.44771428571428
1996,2472.8571428571427,1412.4285714285713,52.142857142857146,30.0,0.0,23.055988,72.506014,132.44857142857143
1997,2468.1428571428573,1413.5714285714287,52.857142857142854,30.0,0.0,23.055988,72.506014,132.44942857142857
1998,2463.4285714285716,1414.7142857142858,53.57142857142857,30.0,0.0,23.055988,72.506014,132.4502857142857
1999,2458.714285714286,1415.857142857143,54.285714285714285,30.0,0.0,23.055988,72.506014,132.45114285714286
2000,2454.0,1417.0,55.0,30.0,0.0,23.055988,72.506014,132.452
2001,2458.0,1417.0,50.0,29.0,0.0,23.055988,72.506014,132.452
2002,2452.75,1418.0,50.75,29.0,0.0,23.055988,72.506014,132.45499999999998
2003,2447.5,1419.0,51.5,29.0,0.0,23.055988,72.506014,132.458
2004,2442.25,1420.0,52.25,29.0,0.0,23.055988,72.506014,132.461
2005,2437.0,1421.0,53.0,29.0,0.0,23.055988,72.506014,132.464
2006,2433.0,1423.0,55.0,30.0,0.0,23.055988,72.506014,132.464
2007,2430.0,1424.0,56.0,30.0,0.0,23.055988,72.506014,132.464
2008,2428.0,1424.6666666666667,53.666666666666664,30.166666666666668,0.0,23.055988,72.506014,132.465
2009,2426.0,1425.3333333333333,51.333333333333336,30.333333333333332,0.0,23.055988,72.506014,132.466
2010,2424.0,1426.0,49.0,30.5,0.0,23.055988,72.506014,132.46699999999998
2011,2422.0,1426.6666666666667,46.666666666666664,30.666666666666668,0.0,23.055988,72.506014,132.468
2012,2420.0,1427.3333333333333,44.33333333333333,30.833333333333332,0.0,23.055988,72.506014,132.469
2013,2418.0,1428.0,42.0,31.0,0.0,23.055988,72.506014,132.47
2014,2414.5833333333335,1428.9166666666667,41.333333333333336,31.0,0.0,23.055988,72.506014,132.47066666666666
2015,2411.1666666666665,1429.8333333333333,40.666666666666664,31.0,0.0,23.055988,72.506014,132.47133333333335
2016,2407.75,1430.75,40.0,31.0,0.0,23.055988,72.506014,132.472
2017,2404.3333333333335,1431.6666666666667,39.333333333333336,31.0,0.0,23.055988,72.506014,132.47266666666667
2018,2400.9166666666665,1432.5833333333333,38.666666666666664,31.0,0.0,23.055988,72.506014,132.47333333333333
2019,2397.5,1433.5,38.0,31.0,0.0,23.055988,72.506014,132.474
2020,2394.0833333333335,1434.4166666666667,37.333333333333336,31.0,0.0,23.055988,72.506014,132.47466666666668
2021,2390.6666666666665,1435.3333333333333,36.666666666666664,31.0,0.0,23.055988,72.506014,132.47533333333334
2022,2387.25,1436.25,36.0,31.0,0.0,23.055988,72.506014,132.476
2023,2383.8333333333335,1437.1666666666667,35.333333333333336,31.0,0.0,23.055988,72.506014,132.4766666666667
2024,2380.4166666666665,1438.0833333333333,34.666666666666664,31.0,0.0,23.055988,72.506014,132.47733333333335
2025,2377.0,1439.0,34.0,31.0,0.0,23.055988,72.506014,132.478
2026,2373.0263157894738,1439.7894736842106,34.026315789473685,31.05263157894737,0.0,23.055988,72.506014,132.4779210526316
2027,2369.0526315789475,1440.578947368421,34.05263157894737,31.105263157894736,0.0,23.055988,72.506014,132.47784210526316
2028,2365.0789473684213,1441.3684210526317,34.078947368421055,31.157894736842106,0.0,23.055988,72.506014,132.47776315789474
2029,2361.1052631578946,1442.157894736842,34.10526315789474,31.210526315789473,0.0,23.055988,72.506014,132.47768421052632
2030,2357.1315789473683,1442.9473684210527,34.13157894736842,31.263157894736842,0.0,23.055988,72.506014,132.4776052631579
2031,2353.157894736842,1443.7368421052631,34.1578947368421,31.31578947368421,0.0,23.055988,72.506014,132.47752631578948
2032,2349.184210526316,1444.5263157894738,34.18421052631579,31.36842105263158,0.0,23.055988,72.506014,132.47744736842105
2033,2345.2105263157896,1445.3157894736842,34.21052631578947,31.42105263157895,0.0,23.055988,72.506014,132.47736842105263
2034,2341.2368421052633,1446.1052631578948,34.23684210526316,31.473684210526315,0.0,23.055988,72.506014,132.4772894736842
2035,2337.2631578947367,1446.8947368421052,34.26315789473684,31.526315789473685,0.0,23.055988,72.506014,132.4772105263158
2036,2333.2894736842104,1447.6842105263158,34.28947368421053,31.57894736842105,0.0,23.055988,72.506014,132.47713157894736
2037,2329.315789473684,1448.4736842105262,34.31578947368421,31.63157894736842,0.0,23.055988,72.506014,132.47705263157894
2038,2325.342105263158,1449.2631578947369,34.3421052631579,31.684210526315788,0.0,23.055988,72.506014,132.47697368421052
2039,2321.3684210526317,1450.0526315789473,34.36842105263158,31.736842105263158,0.0,23.055988,72.506014,132.4768947368421
2040,2317.3947368421054,1450.842105263158,34.39473684210526,31.789473684210527,0.0,23.055988,72.506014,132.47681578947368
2041,2313.4210526315787,1451.6315789473683,34.421052631578945,31.842105263157894,0.0,23.055988,72.506014,132.47673684210525
2042,2309.4473684210525,1452.421052631579,34.44736842105263,31.894736842105264,0.0,23.055988,72.506014,132.47665789473683
2043,2305.4736842105262,1453.2105263157894,34.473684210526315,31.94736842105263,0.0,23.055988,72.506014,132.4765789473684
2044,2301.5,1454.0,34.5,32.0,0.0,23.055988,72.506014,132.4765
2045,2297.5263157894738,1454.7894736842106,34.526315789473685,32.05263157894737,0.0,23.055988,72.506014,132.4764210526316
2046,2293.5526315789475,1455.578947368421,34.55263157894737,32.10526315789474,0.0,23.055988,72.506014,132.47634210526317
2047,2289.5789473684213,1456.3684210526317,34.578947368421055,32.1578947368421,0.0,23.055988,72.506014,132.47626315789475
2048,2285.6052631578946,1457.157894736842,34.60526315789474,32.21052631578947,0.0,23.055988,72.506014,132.47618421052633
2049,2281.6315789473683,1457.9473684210527,34.63157894736842,32.26315789473684,0.0,23.055988,72.506014,132.4761052631579
2050,2277.657894736842,1458.7368421052631,34.6578947368421,32.31578947368421,0.0,23.055988,72.506014,132.47602631578948
2051,2273.684210526316,1459.5263157894738,34.68421052631579,32.368421052631575,0.0,23.055988,72.506014,132.47594736842106
2052,2269.7105263157896,1460.3157894736842,34.71052631578947,32.421052631578945,0.0,23.055988,72.506014,132.47586842105264
2053,2265.7368421052633,1461.1052631578948,34.73684210526316,32.473684210526315,0.0,23.055988,72.506014,132.47578947368422
2054,2261.7631578947367,1461.8947368421052,34.76315789473684,32.526315789473685,0.0,23.055988,72.506014,132.4757105263158
2055,2257.7894736842104,1462.6842105263158,34.78947368421053,32.578947368421055,0.0,23.055988,72.506014,132.47563157894737
2056,2253.815789473684,1463.4736842105262,34.81578947368421,32.63157894736842,0.0,23.055988,72.506014,132.47555263157895
2057,2249.842105263158,1464.2631578947369,34.8421052631579,32.68421052631579,0.0,23.055988,72.506014,132.47547368421053
2058,2245.8684210526317,1465.0526315789473,34.86842105263158,32.73684210526316,0.0,23.055988,72.506014,132.4753947368421
2059,2241.8947368421054,1465.842105263158,34.89473684210526,32.78947368421053,0.0,23.055988,72.506014,132.47531578947368
2060,2237.9210526315787,1466.6315789473683,34.921052631578945,32.8421052631579,0.0,23.055988,72.506014,132.47523684210526
2061,2233.9473684210525,1467.421052631579,34.94736842105263,32.89473684210526,0.0,23.055988,72.506014,132.47515789473684
2062,2229.9736842105262,1468.2105263157894,34.973684210526315,32.94736842105263,0.0,23.055988,72.506014,132.47507894736842
2063,2226.0,1469.0,35.0,33.0,0.0,23.055988,72.506014,132.475
2064,2221.8901098901097,1469.6263736263736,35.02197802197802,32.97802197802198,0.0,23.055988,72.506014,132.4750879120879
2065,2217.78021978022,1470.2527472527472,35.043956043956044,32.956043956043956,0.0,23.055988,72.506014,132.4751758241758
2066,2213.6703296703295,1470.8791208791208,35.065934065934066,32.934065934065934,0.0,23.055988,72.506014,132.47526373626374
2067,2209.5604395604396,1471.5054945054944,35.08791208791209,32.91208791208791,0.0,23.055988,72.506014,132.47535164835165
2068,2205.4505494505493,1472.131868131868,35.10989010989011,32.89010989010989,0.0,23.055988,72.506014,132.47543956043955
2069,2201.3406593406594,1472.7582417582419,35.13186813186813,32.86813186813187,0.0,23.055988,72.506014,132.47552747252746
2070,2197.230769230769,1473.3846153846155,35.15384615384615,32.84615384615385,0.0,23.055988,72.506014,132.47561538461537
2071,2193.120879120879,1474.010989010989,35.175824175824175,32.824175824175825,0.0,23.055988,72.506014,132.4757032967033
2072,2189.010989010989,1474.6373626373627,35.1978021978022,32.8021978021978,0.0,23.055988,72.506014,132.4757912087912
2073,2184.901098901099,1475.2637362637363,35.21978021978022,32.78021978021978,0.0,23.055988,72.506014,132.4758791208791
2074,2180.7912087912086,1475.89010989011,35.24175824175824,32.75824175824176,0.0,23.055988,72.506014,132.47596703296702
2075,2176.6813186813188,1476.5164835164835,35.26373626373626,32.73626373626374,0.0,23.055988,72.506014,132.47605494505495
2076,2172.5714285714284,1477.142857142857,35.285714285714285,32.714285714285715,0.0,23.055988,72.506014,132.47614285714286
2077,2168.4615384615386,1477.7692307692307,35.30769230769231,32.69230769230769,0.0,23.055988,72.506014,132.47623076923077
2078,2164.3516483516482,1478.3956043956043,35.32967032967033,32.67032967032967,0.0,23.055988,72.506014,132.47631868131867
2079,2160.2417582417584,1479.021978021978,35.35164835164835,32.64835164835165,0.0,23.055988,72.506014,132.47640659340658
2080,2156.131868131868,1479.6483516483515,35.37362637362637,32.62637362637363,0.0,23.055988,72.506014,132.47649450549451
2081,2152.021978021978,1480.2747252747254,35.395604395604394,32.604395604395606,0.0,23.055988,72.506014,132.47658241758242
2082,2147.912087912088,1480.901098901099,35.417582417582416,32.582417582417584,0.0,23.055988,72.506014,132.47667032967033
2083,2143.802197802198,1481.5274725274726,35.43956043956044,32.56043956043956,0.0,23.055988,72.506014,132.47675824175823
2084,2139.6923076923076,1482.1538461538462,35.46153846153846,32.53846153846154,0.0,23.055988,72.506014,132.47684615384614
2085,2135.5824175824177,1482.7802197802198,35.48351648351648,32.51648351648352,0.0,23.055988,72.506014,132.47693406593407
2086,2131.4725274725274,1483.4065934065934,35.505494505494504,32.494505494505496,0.0,23.055988,72.506014,132.47702197802198
2087,2127.3626373626375,1484.032967032967,35.527472527472526,32.472527472527474,0.0,23.055988,72.506014,132.4771098901099
2088,2123.252747252747,1484.6593406593406,35.54945054945055,32.45054945054945,0.0,23.055988,72.506014,132.4771978021978
2089,2119.1428571428573,1485.2857142857142,35.57142857142857,32.42857142857143,0.0,23.055988,72.506014,132.4772857142857
2090,2115.032967032967,1485.9120879120878,35.59340659340659,32.40659340659341,0.0,23.055988,72.506014,132.47737362637363
2091,2110.923076923077,1486.5384615384614,35.61538461538461,32.38461538461539,0.0,23.055988,72.506014,132.47746153846154
2092,2106.813186813187,1487.1648351648353,35.637362637362635,32.362637362637365,0.0,23.055988,72.506014,132.47754945054945
2093,2102.703296703297,1487.7912087912089,35.65934065934066,32.34065934065934,0.0,23.055988,72.506014,132.47763736263735
2094,2098.5934065934066,1488.4175824175825,35.68131868131868,32.31868131868132,0.0,23.055988,72.506014,132.47772527472526
2095,2094.4835164835167,1489.043956043956,35.7032967032967,32.2967032967033,0.0,23.055988,72.506014,132.4778131868132
2096,2090.3736263736264,1489.6703296703297,35.72527472527472,32.27472527472528,0.0,23.055988,72.506014,132.4779010989011
2097,2086.263736263736,1490.2967032967033,35.747252747252745,32.252747252747255,0.0,23.055988,72.506014,132.477989010989
2098,2082.153846153846,1490.923076923077,35.76923076923077,32.23076923076923,0.0,23.055988,72.506014,132.4780769230769
2099,2078.043956043956,1491.5494505494505,35.79120879120879,32.20879120879121,0.0,23.055988,72.506014,132.47816483516485
2100,2073.934065934066,1492.1758241758241,35.81318681318681,32.18681318681319,0.0,23.055988,72.506014,132.47825274725275
2101,2069.8241758241757,1492.8021978021977,35.83516483516483,32.16483516483517,0.0,23.055988,72.506014,132.47834065934066
2102,2065.714285714286,1493.4285714285713,35.857142857142854,32.142857142857146,0.0,23.055988,72.506014,132.47842857142857
2103,2061.6043956043954,1494.0549450549452,35.879120879120876,32.120879120879124,0.0,23.055988,72.506014,132.47851648351647
2104,2057.4945054945056,1494.6813186813188,35.9010989010989,32.0989010989011,0.0,23.055988,72.506014,132.4786043956044
2105,2053.3846153846152,1495.3076923076924,35.92307692307692,32.07692307692308,0.0,23.055988,72.506014,132.4786923076923
2106,2049.2747252747254,1495.934065934066,35.94505494505494,32.05494505494506,0.0,23.055988,72.506014,132.47878021978022
2107,2045.1648351648353,1496.5604395604396,35.967032967032964,32.032967032967036,0.0,23.055988,72.506014,132.47886813186813
2108,2041.0549450549452,1497.1868131868132,35.98901098901099,32.01098901098901,0.0,23.055988,72.506014,132.47895604395603
2109,2036.9450549450548,1497.8131868131868,36.010989010989015,31.98901098901099,0.0,23.055988,72.506014,132.47904395604397
2110,2032.835164835165,1498.4395604395604,36.032967032967036,31.967032967032967,0.0,23.055988,72.506014,132.47913186813187
2111,2028.7252747252746,1499.065934065934,36.05494505494506,31.945054945054945,0.0,23.055988,72.506014,132.47921978021978
2112,2024.6153846153848,1499.6923076923076,36.07692307692308,31.923076923076923,0.0,23.055988,72.506014,132.47930769230769
2113,2020.5054945054944,1500.3186813186812,36.0989010989011,31.9010989010989,0.0,23.055988,72.506014,132.4793956043956
2114,2016.3956043956043,1500.9450549450548,36.120879120879124,31.87912087912088,0.0,23.055988,72.506014,132.47948351648353
2115,2012.2857142857142,1501.5714285714287,36.142857142857146,31.857142857142858,0.0,23.055988,72.506014,132.47957142857143
2116,2008.1758241758241,1502.1978021978023,36.16483516483517,31.835164835164836,0.0,23.055988,72.506014,132.47965934065934
2117,2004.065934065934,1502.8241758241759,36.18681318681319,31.813186813186814,0.0,23.055988,72.506014,132.47974725274725
2118,1999.956043956044,1503.4505494505495,36.20879120879121,31.791208791208792,0.0,23.055988,72.506014,132.47983516483515
2119,1995.8461538461538,1504.076923076923,36.23076923076923,31.76923076923077,0.0,23.055988,72.506014,132.4799230769231
2120,1991.7362637362637,1504.7032967032967,36.252747252747255,31.747252747252748,0.0,23.055988,72.506014,132.480010989011
2121,1987.6263736263736,1505.3296703296703,36.27472527472528,31.725274725274726,0.0,23.055988,72.506014,132.4800989010989
2122,1983.5164835164835,1505.956043956044,36.2967032967033,31.703296703296704,0.0,23.055988,72.506014,132.4801868131868
2123,1979.4065934065934,1506.5824175824175,36.31868131868132,31.681318681318682,0.0,23.055988,72.506014,132.48027472527474
2124,1975.2967032967033,1507.2087912087911,36.34065934065934,31.65934065934066,0.0,23.055988,72.506014,132.48036263736265
2125,1971.1868131868132,1507.8351648351647,36.362637362637365,31.63736263736264,0.0,23.055988,72.506014,132.48045054945055
2126,1967.076923076923,1508.4615384615386,36.38461538461539,31.615384615384617,0.0,23.055988,72.506014,132.48053846153846
2127,1962.967032967033,1509.0879120879122,36.40659340659341,31.593406593406595,0.0,23.055988,72.506014,132.48062637362636
2128,1958.857142857143,1509.7142857142858,36.42857142857143,31.571428571428573,0.0,23.055988,72.506014,132.4807142857143
2129,1954.7472527472528,1510.3406593406594,36.45054945054945,31.549450549450547,0.0,23.055988,72.506014,132.4808021978022
2130,1950.6373626373627,1510.967032967033,36.472527472527474,31.527472527472526,0.0,23.055988,72.506014,132.4808901098901
2131,1946.5274725274726,1511.5934065934066,36.494505494505496,31.505494505494504,0.0,23.055988,72.506014,132.48097802197802
2132,1942.4175824175825,1512.2197802197802,36.51648351648352,31.483516483516482,0.0,23.055988,72.506014,132.48106593406592
2133,1938.3076923076924,1512.8461538461538,36.53846153846154,31.46153846153846,0.0,23.055988,72.506014,132.48115384615386
2134,1934.1978021978023,1513.4725274725274,36.56043956043956,31.439560439560438,0.0,23.055988,72.506014,132.48124175824177
2135,1930.0879120879122,1514.098901098901,36.582417582417584,31.417582417582416,0.0,23.055988,72.506014,132.48132967032967
2136,1925.978021978022,1514.7252747252746,36.604395604395606,31.395604395604394,0.0,23.055988,72.506014,132.48141758241758
2137,1921.868131868132,1515.3516483516482,36.62637362637363,31.373626373626372,0.0,23.055988,72.506014,132.48150549450548
2138,1917.7582417582419,1515.978021978022,36.64835164835165,31.35164835164835,0.0,23.055988,72.506014,132.48159340659342
2139,1913.6483516483518,1516.6043956043957,36.67032967032967,31.32967032967033,0.0,23.055988,72.506014,132.48168131868132
2140,1909.5384615384614,1517.2307692307693,36.69230769230769,31.307692307692307,0.0,23.055988,72.506014,132.48176923076923
2141,1905.4285714285716,1517.857142857143,36.714285714285715,31.285714285714285,0.0,23.055988,72.506014,132.48185714285714
2142,1901.3186813186812,1518.4835164835165,36.73626373626374,31.263736263736263,0.0,23.055988,72.506014,132.48194505494504
2143,1897.2087912087914,1519.10989010989,36.75824175824176,31.24175824175824,0.0,23.055988,72.506014,132.48203296703298
2144,1893.098901098901,1519.7362637362637,36.78021978021978,31.21978021978022,0.0,23.055988,72.506014,132.48212087912088
2145,1888.9890109890111,1520.3626373626373,36.8021978021978,31.197802197802197,0.0,23.055988,72.506014,132.4822087912088
2146,1884.8791208791208,1520.989010989011,36.824175824175825,31.175824175824175,0.0,23.055988,72.506014,132.4822967032967
2147,1880.769230769231,1521.6153846153845,36.84615384615385,31.153846153846153,0.0,23.055988,72.506014,132.48238461538463
2148,1876.6593406593406,1522.2417582417581,36.86813186813187,31.13186813186813,0.0,23.055988,72.506014,132.48247252747254
2149,1872.5494505494505,1522.868131868132,36.89010989010989,31.10989010989011,0.0,23.055988,72.506014,132.48256043956044
2150,1868.4395604395604,1523.4945054945056,36.91208791208791,31.087912087912088,0.0,23.055988,72.506014,132.48264835164835
2151,1864.3296703296703,1524.1208791208792,36.934065934065934,31.065934065934066,0.0,23.055988,72.506014,132.48273626373626
2152,1860.2197802197802,1524.7472527472528,36.956043956043956,31.043956043956044,0.0,23.055988,72.506014,132.4828241758242
2153,1856.10989010989,1525.3736263736264,36.97802197802198,31.021978021978022,0.0,23.055988,72.506014,132.4829120879121
2154,1852.0,1526.0,37.0,31.0,0.0,23.055988,72.506014,132.483
2155,1851.0,1530.0,35.0,30.0,0.0,23.055988,72.506014,132.485
2156,1849.0,1528.0,35.0,29.0,0.0,23.055988,72.506014,132.485
2157,1847.0,1527.0,34.0,28.0,0.0,23.055988,72.506014,132.485
2158,1842.5,1528.0,33.666666666666664,27.666666666666668,0.0,23.055988,72.506014,132.48350000000002
2159,1838.0,1529.0,33.333333333333336,27.333333333333332,0.0,23.055988,72.506014,132.482
2160,1833.5,1530.0,33.0,27.0,0.0,23.055988,72.506014,132.4805
2161,1829.0,1531.0,32.666666666666664,26.666666666666668,0.0,23.055988,72.506014,132.479
2162,1824.5,1532.0,32.333333333333336,26.333333333333332,0.0,23.055988,72.506014,132.4775
2163,1820.0,1533.0,32.0,26.0,0.0,23.055988,72.506014,132.476
2164,1816.076923076923,1533.2051282051282,31.974358974358974,26.153846153846153,0.0,23.055988,72.506014,132.47571794871794
2165,1812.1538461538462,1533.4102564102564,31.94871794871795,26.307692307692307,0.0,23.055988,72.506014,132.4754358974359
2166,1808.2307692307693,1533.6153846153845,31.923076923076923,26.46153846153846,0.0,23.055988,72.506014,132.47515384615386
2167,1804.3076923076924,1533.820512820513,31.897435897435898,26.615384615384617,0.0,23.055988,72.506014,132.4748717948718
2168,1800.3846153846155,1534.025641025641,31.871794871794872,26.76923076923077,0.0,23.055988,72.506014,132.47458974358975
2169,1796.4615384615386,1534.2307692307693,31.846153846153847,26.923076923076923,0.0,23.055988,72.506014,132.4743076923077
2170,1792.5384615384614,1534.4358974358975,31.82051282051282,27.076923076923077,0.0,23.055988,72.506014,132.47402564102563
2171,1788.6153846153845,1534.6410256410256,31.794871794871796,27.23076923076923,0.0,23.055988,72.506014,132.47374358974358
2172,1784.6923076923076,1534.8461538461538,31.76923076923077,27.384615384615383,0.0,23.055988,72.506014,132.47346153846155
2173,1780.7692307692307,1535.051282051282,31.743589743589745,27.53846153846154,0.0,23.055988,72.506014,132.4731794871795
2174,1776.8461538461538,1535.2564102564102,31.71794871794872,27.692307692307693,0.0,23.055988,72.506014,132.47289743589744
2175,1772.923076923077,1535.4615384615386,31.692307692307693,27.846153846153847,0.0,23.055988,72.506014,132.47261538461538
2176,1769.0,1535.6666666666667,31.666666666666668,28.0,0.0,23.055988,72.506014,132.47233333333332
2177,1765.076923076923,1535.871794871795,31.641025641025642,28.153846153846153,0.0,23.055988,72.506014,132.4720512820513
2178,1761.1538461538462,1536.076923076923,31.615384615384617,28.307692307692307,0.0,23.055988,72.506014,132.47176923076924
2179,1757.2307692307693,1536.2820512820513,31.58974358974359,28.46153846153846,0.0,23.055988,72.506014,132.47148717948718
2180,1753.3076923076924,1536.4871794871794,31.564102564102566,28.615384615384617,0.0,23.055988,72.506014,132.47120512820513
2181,1749.3846153846155,1536.6923076923076,31.53846153846154,28.76923076923077,0.0,23.055988,72.506014,132.47092307692307
2182,1745.4615384615386,1536.8974358974358,31.512820512820515,28.923076923076923,0.0,23.055988,72.506014,132.47064102564102
2183,1741.5384615384614,1537.1025641025642,31.48717948717949,29.076923076923077,0.0,23.055988,72.506014,132.470358974359
2184,1737.6153846153845,1537.3076923076924,31.46153846153846,29.23076923076923,0.0,23.055988,72.506014,132.47007692307693
2185,1733.6923076923076,1537.5128205128206,31.435897435897434,29.384615384615387,0.0,23.055988,72.506014,132.46979487179487
2186,1729.7692307692307,1537.7179487179487,31.41025641025641,29.53846153846154,0.0,23.055988,72.506014,132.46951282051282
2187,1725.8461538461538,1537.923076923077,31.384615384615383,29.692307692307693,0.0,23.055988,72.506014,132.46923076923076
2188,1721.923076923077,1538.128205128205,31.358974358974358,29.846153846153847,0.0,23.055988,72.506014,132.4689487179487
2189,1718.0,1538.3333333333333,31.333333333333332,30.0,0.0,23.055988,72.506014,132.46866666666668
2190,1714.076923076923,1538.5384615384614,31.307692307692307,30.153846153846153,0.0,23.055988,72.506014,132.46838461538462
2191,1710.1538461538462,1538.7435897435898,31.28205128205128,30.307692307692307,0.0,23.055988,72.506014,132.46810256410257
2192,1706.2307692307693,1538.948717948718,31.256410256410255,30.46153846153846,0.0,23.055988,72.506014,132.4678205128205
2193,1702.3076923076924,1539.1538461538462,31.23076923076923,30.615384615384617,0.0,23.055988,72.506014,132.46753846153845
2194,1698.3846153846155,1539.3589743589744,31.205128205128204,30.76923076923077,0.0,23.055988,72.506014,132.46725641025643
2195,1694.4615384615386,1539.5641025641025,31.17948717948718,30.923076923076923,0.0,23.055988,72.506014,132.46697435897437
2196,1690.5384615384614,1539.7692307692307,31.153846153846153,31.076923076923077,0.0,23.055988,72.506014,132.4666923076923
2197,1686.6153846153845,1539.974358974359,31.128205128205128,31.23076923076923,0.0,23.055988,72.506014,132.46641025641026
2198,1682.6923076923076,1540.179487179487,31.102564102564102,31.384615384615387,0.0,23.055988,72.506014,132.4661282051282
2199,1678.7692307692307,1540.3846153846155,31.076923076923077,31.53846153846154,0.0,23.055988,72.506014,132.46584615384614
2200,1674.8461538461538,1540.5897435897436,31.05128205128205,31.692307692307693,0.0,23.055988,72.506014,132.46556410256412
2201,1670.923076923077,1540.7948717948718,31.025641025641026,31.846153846153847,0.0,23.055988,72.506014,132.46528205128206
2202,1667.0,1541.0,31.0,32.0,0.0,23.055988,72.506014,132.465
2203,1662.774193548387,1541.0967741935483,31.258064516129032,31.870967741935484,0.0,23.055988,72.50601396774194,132.46603225806453
2204,1658.5483870967741,1541.1935483870968,31.516129032258064,31.741935483870968,0.0,23.055988,72.50601393548386,132.46706451612903
2205,1654.3225806451612,1541.2903225806451,31.774193548387096,31.612903225806452,0.0,23.055988,72.5060139032258,132.46809677419355
2206,1650.0967741935483,1541.3870967741937,32.03225806451613,31.483870967741936,0.0,23.055988,72.50601387096773,132.46912903225808
2207,1645.8709677419354,1541.483870967742,32.29032258064516,31.35483870967742,0.0,23.055988,72.50601383870968,132.47016129032258
2208,1641.6451612903227,1541.5806451612902,32.54838709677419,31.225806451612904,0.0,23.055988,72.5060138064516,132.4711935483871
2209,1637.4193548387098,1541.6774193548388,32.806451612903224,31.096774193548388,0.0,23.055988,72.50601377419355,132.47222580645163
2210,1633.1935483870968,1541.774193548387,33.064516129032256,30.967741935483872,0.0,23.055988,72.50601374193548,132.47325806451613
2211,1628.967741935484,1541.8709677419354,33.32258064516129,30.838709677419356,0.0,23.055988,72.50601370967742,132.47429032258066
2212,1624.741935483871,1541.967741935484,33.58064516129032,30.70967741935484,0.0,23.055988,72.50601367741935,132.47532258064516
2213,1620.516129032258,1542.0645161290322,33.83870967741935,30.580645161290324,0.0,23.055988,72.50601364516129,132.47635483870968
2214,1616.2903225806451,1542.1612903225807,34.096774193548384,30.451612903225808,0.0,23.055988,72.50601361290322,132.4773870967742
2215,1612.0645161290322,1542.258064516129,34.354838709677416,30.322580645161292,0.0,23.055988,72.50601358064516,132.4784193548387
2216,1607.8387096774193,1542.3548387096773,34.61290322580645,30.193548387096776,0.0,23.055988,72.50601354838709,132.47945161290323
2217,1603.6129032258063,1542.4516129032259,34.87096774193549,30.064516129032256,0.0,23.055988,72.50601351612903,132.48048387096776
2218,1599.3870967741937,1542.5483870967741,35.12903225806451,29.935483870967744,0.0,23.055988,72.50601348387096,132.48151612903226
2219,1595.1612903225807,1542.6451612903227,35.38709677419355,29.806451612903224,0.0,23.055988,72.5060134516129,132.48254838709678
2220,1590.9354838709678,1542.741935483871,35.64516129032258,29.67741935483871,0.0,23.055988,72.50601341935483,132.4835806451613
2221,1586.7096774193549,1542.8387096774193,35.903225806451616,29.548387096774192,0.0,23.055988,72.50601338709677,132.4846129032258
2222,1582.483870967742,1542.9354838709678,36.16129032258065,29.419354838709676,0.0,23.055988,72.5060133548387,132.48564516129034
2223,1578.258064516129,1543.032258064516,36.41935483870968,29.29032258064516,0.0,23.055988,72.50601332258064,132.48667741935486
2224,1574.032258064516,1543.1290322580646,36.67741935483871,29.161290322580644,0.0,23.055988,72.50601329032257,132.48770967741936
2225,1569.8064516129032,1543.225806451613,36.935483870967744,29.032258064516128,0.0,23.055988,72.50601325806451,132.4887419354839
2226,1565.5806451612902,1543.3225806451612,37.193548387096776,28.903225806451612,0.0,23.055988,72.50601322580644,132.48977419354839
2227,1561.3548387096773,1543.4193548387098,37.45161290322581,28.774193548387096,0.0,23.055988,72.50601319354838,132.4908064516129
2228,1557.1290322580646,1543.516129032258,37.70967741935484,28.64516129032258,0.0,23.055988,72.50601316129031,132.49183870967744
2229,1552.9032258064517,1543.6129032258063,37.96774193548387,28.516129032258064,0.0,23.055988,72.50601312903225,132.49287096774194
2230,1548.6774193548388,1543.7096774193549,38.225806451612904,28.387096774193548,0.0,23.055988,72.50601309677418,132.49390322580646
2231,1544.4516129032259,1543.8064516129032,38.483870967741936,28.258064516129032,0.0,23.055988,72.50601306451613,132.494935483871
2232,1540.225806451613,1543.9032258064517,38.74193548387097,28.129032258064516,0.0,23.055988,72.50601303225805,132.4959677419355
2233,1536.0,1544.0,39.0,28.0,0.0,23.055988,72.506013,132.497
2234,1530.0,1544.0,39.0,28.0,0.0,23.055988,72.506013,132.497
2235,1525.64,1543.96,39.92,28.24,0.0,23.055988,72.50601304,132.49972000000002
2236,1521.28,1543.92,40.84,28.48,0.0,23.055988,72.50601308,132.50244
2237,1516.92,1543.88,41.76,28.72,0.0,23.055988,72.50601311999999,132.50516000000002
2238,1512.56,1543.84,42.68,28.96,0.0,23.055988,72.50601316,132.50788
2239,1508.2,1543.8,43.6,29.2,0.0,23.055988,72.5060132,132.5106
2240,1503.84,1543.76,44.52,29.44,0.0,23.055988,72.50601324,132.51332000000002
2241,1499.48,1543.72,45.44,29.68,0.0,23.055988,72.50601327999999,132.51604
2242,1495.12,1543.68,46.36,29.92,0.0,23.055988,72.50601332,132.51876000000001
2243,1490.76,1543.64,47.28,30.16,0.0,23.055988,72.50601336,132.52148
2244,1486.4,1543.6,48.2,30.4,0.0,23.055988,72.5060134,132.5242
2245,1482.04,1543.56,49.120000000000005,30.64,0.0,23.055988,72.50601343999999,132.52692000000002
2246,1477.68,1543.52,50.04,30.88,0.0,23.055988,72.50601348,132.52964
2247,1473.32,1543.48,50.96,31.12,0.0,23.055988,72.50601352,132.53236
2248,1468.96,1543.44,51.88,31.36,0.0,23.055988,72.50601356,132.53508
2249,1464.6,1543.4,52.8,31.6,0.0,23.055988,72.50601359999999,132.5378
2250,1460.24,1543.36,53.72,31.84,0.0,23.055988,72.50601363999999,132.54052000000001
2251,1455.88,1543.32,54.64,32.08,0.0,23.055988,72.50601368,132.54324
2252,1451.52,1543.28,55.56,32.32,0.0,23.055988,72.50601372,132.54596
2253,1447.16,1543.24,56.480000000000004,32.56,0.0,23.055988,72.50601375999999,132.54868
2254,1442.8,1543.2,57.400000000000006,32.8,0.0,23.055988,72.50601379999999,132.5514
2255,1438.44,1543.16,58.32,33.04,0.0,23.055988,72.50601384,132.55412
2256,1434.08,1543.12,59.24,33.28,0.0,23.055988,72.50601388,132.55684
2257,1429.72,1543.08,60.16,33.519999999999996,0.0,23.055988,72.50601391999999,132.55956
2258,1425.36,1543.04,61.08,33.76,0.0,23.055988,72.50601395999999,132.56228
2259,1421.0,1543.0,62.0,34.0,0.0,23.055988,72.506014,132.565
2260,1419.0,1543.0,62.0,33.0,0.0,23.055988,72.506014,132.565
2261,1416.0,1543.0,62.0,32.0,0.0,23.055988,72.506014,132.565
2262,1412.2553191489362,1542.936170212766,61.95744680851064,31.97872340425532,0.0,23.055988,72.506014,132.56774468085106
2263,1408.5106382978724,1542.872340425532,61.91489361702128,31.95744680851064,0.0,23.055988,72.506014,132.57048936170213
2264,1404.7659574468084,1542.8085106382978,61.87234042553192,31.93617021276596,0.0,23.055988,72.506014,132.5732340425532
2265,1401.0212765957447,1542.7446808510638,61.829787234042556,31.914893617021278,0.0,23.055988,72.506014,132.57597872340426
2266,1397.276595744681,1542.6808510638298,61.787234042553195,31.893617021276597,0.0,23.055988,72.506014,132.57872340425533
2267,1393.531914893617,1542.6170212765958,61.744680851063826,31.872340425531913,0.0,23.055988,72.506014,132.58146808510637
2268,1389.787234042553,1542.5531914893618,61.702127659574465,31.851063829787233,0.0,23.055988,72.506014,132.58421276595743
2269,1386.0425531914893,1542.4893617021276,61.659574468085104,31.829787234042552,0.0,23.055988,72.506014,132.5869574468085
2270,1382.2978723404256,1542.4255319148936,61.61702127659574,31.80851063829787,0.0,23.055988,72.506014,132.58970212765956
2271,1378.5531914893618,1542.3617021276596,61.57446808510638,31.78723404255319,0.0,23.055988,72.506014,132.59244680851063
2272,1374.8085106382978,1542.2978723404256,61.53191489361702,31.76595744680851,0.0,23.055988,72.506014,132.5951914893617
2273,1371.063829787234,1542.2340425531916,61.48936170212766,31.74468085106383,0.0,23.055988,72.506014,132.59793617021276
2274,1367.3191489361702,1542.1702127659576,61.4468085106383,31.72340425531915,0.0,23.055988,72.506014,132.60068085106383
2275,1363.5744680851064,1542.1063829787233,61.40425531914894,31.70212765957447,0.0,23.055988,72.506014,132.6034255319149
2276,1359.8297872340427,1542.0425531914893,61.361702127659576,31.680851063829788,0.0,23.055988,72.506014,132.60617021276596
2277,1356.0851063829787,1541.9787234042553,61.319148936170215,31.659574468085108,0.0,23.055988,72.506014,132.60891489361703
2278,1352.340425531915,1541.9148936170213,61.276595744680854,31.638297872340427,0.0,23.055988,72.506014,132.6116595744681
2279,1348.595744680851,1541.8510638297873,61.234042553191486,31.617021276595743,0.0,23.055988,72.506014,132.61440425531913
2280,1344.8510638297873,1541.787234042553,61.191489361702125,31.595744680851062,0.0,23.055988,72.506014,132.6171489361702
2281,1341.1063829787233,1541.723404255319,61.148936170212764,31.574468085106382,0.0,23.055988,72.506014,132.61989361702126
2282,1337.3617021276596,1541.659574468085,61.1063829787234,31.5531914893617,0.0,23.055988,72.506014,132.62263829787233
2283,1333.6170212765958,1541.595744680851,61.06382978723404,31.53191489361702,0.0,23.055988,72.506014,132.6253829787234
2284,1329.872340425532,1541.531914893617,61.02127659574468,31.51063829787234,0.0,23.055988,72.506014,132.62812765957446
2285,1326.127659574468,1541.468085106383,60.97872340425532,31.48936170212766,0.0,23.055988,72.506014,132.63087234042553
2286,1322.3829787234042,1541.404255319149,60.93617021276596,31.46808510638298,0.0,23.055988,72.506014,132.6336170212766
2287,1318.6382978723404,1541.340425531915,60.8936170212766,31.4468085106383,0.0,23.055988,72.506014,132.63636170212766
2288,1314.8936170212767,1541.276595744681,60.851063829787236,31.425531914893618,0.0,23.055988,72.506014,132.63910638297872
2289,1311.1489361702127,1541.212765957447,60.808510638297875,31.404255319148938,0.0,23.055988,72.506014,132.6418510638298
2290,1307.404255319149,1541.1489361702127,60.765957446808514,31.382978723404257,0.0,23.055988,72.506014,132.64459574468086
2291,1303.659574468085,1541.0851063829787,60.723404255319146,31.361702127659573,0.0,23.055988,72.506014,132.6473404255319
2292,1299.9148936170213,1541.0212765957447,60.680851063829785,31.340425531914892,0.0,23.055988,72.506014,132.65008510638296
2293,1296.1702127659573,1540.9574468085107,60.638297872340424,31.319148936170212,0.0,23.055988,72.506014,132.65282978723403
2294,1292.4255319148936,1540.8936170212767,60.59574468085106,31.29787234042553,0.0,23.055988,72.506014,132.6555744680851
2295,1288.6808510638298,1540.8297872340424,60.5531914893617,31.27659574468085,0.0,23.055988,72.506014,132.65831914893616
2296,1284.936170212766,1540.7659574468084,60.51063829787234,31.25531914893617,0.0,23.055988,72.506014,132.66106382978722
2297,1281.1914893617022,1540.7021276595744,60.46808510638298,31.23404255319149,0.0,23.055988,72.506014,132.6638085106383
2298,1277.4468085106382,1540.6382978723404,60.42553191489362,31.21276595744681,0.0,23.055988,72.506014,132.66655319148936
2299,1273.7021276595744,1540.5744680851064,60.38297872340426,31.19148936170213,0.0,23.055988,72.506014,132.66929787234042
2300,1269.9574468085107,1540.5106382978724,60.340425531914896,31.170212765957448,0.0,23.055988,72.506014,132.6720425531915
2301,1266.212765957447,1540.4468085106382,60.297872340425535,31.148936170212767,0.0,23.055988,72.506014,132.67478723404255
2302,1262.468085106383,1540.3829787234042,60.255319148936174,31.127659574468087,0.0,23.055988,72.506014,132.67753191489362
2303,1258.723404255319,1540.3191489361702,60.212765957446805,31.106382978723403,0.0,23.055988,72.506014,132.68027659574466
2304,1254.9787234042553,1540.2553191489362,60.170212765957444,31.085106382978722,0.0,23.055988,72.506014,132.68302127659572
2305,1251.2340425531916,1540.1914893617022,60.12765957446808,31.06382978723404,0.0,23.055988,72.506014,132.6857659574468
2306,1247.4893617021276,1540.127659574468,60.08510638297872,31.04255319148936,0.0,23.055988,72.506014,132.68851063829786
2307,1243.7446808510638,1540.063829787234,60.04255319148936,31.02127659574468,0.0,23.055988,72.506014,132.69125531914892
2308,1240.0,1540.0,60.0,31.0,0.0,23.055988,72.506014,132.694
2309,1238.0,1539.75,57.5,30.75,0.0,23.055988,72.506014,132.69549999999998
2310,1236.0,1539.5,55.0,30.5,0.0,23.055988,72.506014,132.697
2311,1234.0,1539.25,52.5,30.25,0.0,23.055988,72.506014,132.6985
2312,1232.0,1539.0,50.0,30.0,0.0,23.055988,72.506014,132.7
2313,1228.1666666666667,1538.9166666666667,50.5,30.083333333333332,0.0,23.055988,72.506014,132.70175
2314,1224.3333333333333,1538.8333333333333,51.0,30.166666666666668,0.0,23.055988,72.506014,132.7035
2315,1220.5,1538.75,51.5,30.25,0.0,23.055988,72.506014,132.70524999999998
2316,1216.6666666666667,1538.6666666666667,52.0,30.333333333333332,0.0,23.055988,72.506014,132.707
2317,1212.8333333333333,1538.5833333333333,52.5,30.416666666666668,0.0,23.055988,72.506014,132.70875
2318,1209.0,1538.5,53.0,30.5,0.0,23.055988,72.506014,132.7105
2319,1205.1666666666667,1538.4166666666667,53.5,30.583333333333332,0.0,23.055988,72.506014,132.71224999999998
2320,1201.3333333333333,1538.3333333333333,54.0,30.666666666666668,0.0,23.055988,72.506014,132.714
2321,1197.5,1538.25,54.5,30.75,0.0,23.055988,72.506014,132.71575
2322,1193.6666666666667,1538.1666666666667,55.0,30.833333333333332,0.0,23.055988,72.506014,132.7175
2323,1189.8333333333333,1538.0833333333333,55.5,30.916666666666668,0.0,23.055988,72.506014,132.71925
2324,1186.0,1538.0,56.0,31.0,0.0,23.055988,72.506014,132.721
2325,1181.857142857143,1537.857142857143,56.142857142857146,31.0,0.0,23.055988,72.506014,132.72157142857142
2326,1177.7142857142858,1537.7142857142858,56.285714285714285,31.0,0.0,23.055988,72.506014,132.72214285714287
2327,1173.5714285714287,1537.5714285714287,56.42857142857143,31.0,0.0,23.055988,72.506014,132.7227142857143
2328,1169.4285714285713,1537.4285714285713,56.57142857142857,31.0,0.0,23.055988,72.506014,132.7232857142857
2329,1165.2857142857142,1537.2857142857142,56.714285714285715,31.0,0.0,23.055988,72.506014,132.72385714285713
2330,1161.142857142857,1537.142857142857,56.857142857142854,31.0,0.0,23.055988,72.506014,132.72442857142858
2331,1157.0,1537.0,57.0,31.0,0.0,23.055988,72.506014,132.725
2332,1150.0,1538.0,58.0,30.0,0.0,23.055988,72.506014,132.725
2333,1147.0,1539.0,58.0,30.0,0.0,23.055988,72.506014,132.725
2334,1144.0,1538.0,56.0,31.0,0.0,23.055988,72.506014,132.725
2335,1142.0,1538.0,56.0,31.0,0.0,23.055988,72.506014,132.736
2336,1140.0,1539.0,55.0,30.0,0.0,23.055988,72.506014,132.736
2337,1137.0,1538.0,54.0,31.0,0.0,23.055988,72.506014,132.736
2338,1134.0,1538.0,53.0,31.0,0.0,23.055988,72.506014,132.736
2339,1128.0,1539.0,54.0,30.0,0.0,23.055988,72.506014,132.736
2340,1125.0,1537.0,54.0,31.0,0.0,23.055988,72.506014,132.736
2341,1121.142857142857,1537.0,54.57142857142857,31.0,0.0,23.055988,72.506014,132.7365714285714
2342,1117.2857142857142,1537.0,55.142857142857146,31.0,0.0,23.055988,72.506014,132.73714285714286
2343,1113.4285714285713,1537.0,55.714285714285715,31.0,0.0,23.055988,72.506014,132.73771428571428
2344,1109.5714285714287,1537.0,56.285714285714285,31.0,0.0,23.055988,72.506014,132.73828571428572
2345,1105.7142857142858,1537.0,56.857142857142854,31.0,0.0,23.055988,72.506014,132.73885714285714
2346,1101.857142857143,1537.0,57.42857142857143,31.0,0.0,23.055988,72.506014,132.7394285714286
2347,1098.0,1537.0,58.0,31.0,0.0,23.055988,72.506014,132.74
2348,1094.0,1538.0,59.0,31.0,0.0,23.055988,72.506014,132.74
2349,1094.0,1538.0,58.0,31.0,0.0,23.055988,72.506014,132.74
2350,1089.0,1537.0,57.0,31.0,0.0,23.055988,72.506014,132.74
2351,1085.6,1536.4,56.8,31.4,0.0,23.055988,72.506014,132.7418
2352,1082.2,1535.8,56.6,31.8,0.0,23.055988,72.506014,132.74360000000001
2353,1078.8,1535.2,56.4,32.2,0.0,23.055988,72.506014,132.7454
2354,1075.4,1534.6,56.2,32.6,0.0,23.055988,72.506014,132.7472
2355,1072.0,1534.0,56.0,33.0,0.0,23.055988,72.506014,132.749
2356,1069.0,1535.0,57.0,32.0,0.0,23.055988,72.506014,132.749
2357,1065.0,1537.0,53.0,32.0,0.0,23.055988,72.506014,132.749
2358,1061.5,1537.0,53.25,32.0,0.0,23.055988,72.506014,132.74925
2359,1058.0,1537.0,53.5,32.0,0.0,23.055988,72.506014,132.7495
2360,1054.5,1537.0,53.75,32.0,0.0,23.055988,72.506014,132.74975
2361,1051.0,1537.0,54.0,32.0,0.0,23.055988,72.506014,132.75
2362,1048.0,1537.0,54.0,32.0,0.0,23.055988,72.506014,132.75
2363,1044.0,1537.0,55.0,31.0,0.0,23.055988,72.506014,132.75
2364,1042.0,1536.0,55.0,32.0,0.0,23.055988,72.506014,132.75
2365,1036.5,1535.75,57.0,32.5,0.0,23.055988,72.506014,132.7515
2366,1031.0,1535.5,59.0,33.0,0.0,23.055988,72.506014,132.753
2367,1025.5,1535.25,61.0,33.5,0.0,23.055988,72.506014,132.7545
2368,1020.0,1535.0,63.0,34.0,0.0,23.055988,72.506014,132.756
2369,1017.0,1536.0,62.0,34.0,0.0,23.055988,72.506014,132.756
2370,1012.5,1536.25,62.0,33.5,0.0,23.055988,72.506014,132.756
2371,1008.0,1536.5,62.0,33.0,0.0,23.055988,72.506014,132.756
2372,1003.5,1536.75,62.0,32.5,0.0,23.055988,72.506014,132.756
2373,999.0,1537.0,62.0,32.0,0.0,23.055988,72.506014,132.756
2374,997.0,1536.0,62.0,33.0,0.0,23.055988,72.506014,132.756
2375,993.3846153846154,1535.8846153846155,61.84615384615385,32.84615384615385,0.0,23.055988,72.506014,132.75692307692307
2376,989.7692307692307,1535.7692307692307,61.69230769230769,32.69230769230769,0.0,23.055988,72.506014,132.75784615384615
2377,986.1538461538462,1535.6538461538462,61.53846153846154,32.53846153846154,0.0,23.055988,72.506014,132.75876923076922
2378,982.5384615384615,1535.5384615384614,61.38461538461539,32.38461538461539,0.0,23.055988,72.506014,132.75969230769232
2379,978.9230769230769,1535.423076923077,61.23076923076923,32.23076923076923,0.0,23.055988,72.506014,132.7606153846154
2380,975.3076923076923,1535.3076923076924,61.07692307692308,32.07692307692308,0.0,23.055988,72.506014,132.76153846153846
2381,971.6923076923077,1535.1923076923076,60.92307692307692,31.923076923076923,0.0,23.055988,72.506014,132.76246153846154
2382,968.0769230769231,1535.076923076923,60.76923076923077,31.76923076923077,0.0,23.055988,72.506014,132.7633846153846
2383,964.4615384615385,1534.9615384615386,60.61538461538461,31.615384615384617,0.0,23.055988,72.506014,132.76430769230768
2384,960.8461538461538,1534.8461538461538,60.46153846153846,31.46153846153846,0.0,23.055988,72.506014,132.76523076923078
2385,957.2307692307693,1534.7307692307693,60.30769230769231,31.307692307692307,0.0,23.055988,72.506014,132.76615384615386
2386,953.6153846153846,1534.6153846153845,60.15384615384615,31.153846153846153,0.0,23.055988,72.506014,132.76707692307693
2387,950.0,1534.5,60.0,31.0,0.0,23.055988,72.506014,132.768
2388,946.3846153846154,1534.3846153846155,59.84615384615385,30.846153846153847,0.0,23.055988,72.506014,132.76892307692307
2389,942.7692307692307,1534.2692307692307,59.69230769230769,30.692307692307693,0.0,23.055988,72.506014,132.76984615384615
2390,939.1538461538462,1534.1538461538462,59.53846153846154,30.53846153846154,0.0,23.055988,72.506014,132.77076923076922
2391,935.5384615384615,1534.0384615384614,59.38461538461539,30.384615384615383,0.0,23.055988,72.506014,132.77169230769232
2392,931.9230769230769,1533.923076923077,59.23076923076923,30.23076923076923,0.0,23.055988,72.506014,132.7726153846154
2393,928.3076923076923,1533.8076923076924,59.07692307692308,30.076923076923077,0.0,23.055988,72.506014,132.77353846153846
2394,924.6923076923077,1533.6923076923076,58.92307692307692,29.923076923076923,0.0,23.055988,72.506014,132.77446153846154
2395,921.0769230769231,1533.576923076923,58.76923076923077,29.76923076923077,0.0,23.055988,72.506014,132.7753846153846
2396,917.4615384615385,1533.4615384615386,58.61538461538461,29.615384615384613,0.0,23.055988,72.506014,132.77630769230768
2397,913.8461538461538,1533.3461538461538,58.46153846153846,29.46153846153846,0.0,23.055988,72.506014,132.77723076923078
2398,910.2307692307693,1533.2307692307693,58.30769230769231,29.307692307692307,0.0,23.055988,72.506014,132.77815384615386
2399,906.6153846153846,1533.1153846153845,58.15384615384615,29.153846153846153,0.0,23.055988,72.506014,132.77907692307693
2400,903.0,1533.0,58.0,29.0,0.0,23.055988,72.506014,132.78
2401,900.0,1532.0,58.0,30.0,0.0,23.055988,72.506014,132.787
2402,896.4705882352941,1532.0588235294117,57.88235294117647,29.823529411764707,0.0,23.055988,72.506014,132.78735294117647
2403,892.9411764705883,1532.1176470588234,57.76470588235294,29.647058823529413,0.0,23.055988,72.506014,132.78770588235295
2404,889.4117647058823,1532.1764705882354,57.64705882352941,29.470588235294116,0.0,23.055988,72.506014,132.7880588235294
2405,885.8823529411765,1532.235294117647,57.529411764705884,29.294117647058822,0.0,23.055988,72.506014,132.7884117647059
2406,882.3529411764706,1532.2941176470588,57.411764705882355,29.11764705882353,0.0,23.055988,72.506014,132.78876470588236
2407,878.8235294117648,1532.3529411764705,57.294117647058826,28.941176470588236,0.0,23.055988,72.506014,132.78911764705882
2408,875.2941176470588,1532.4117647058824,57.1764705882353,28.764705882352942,0.0,23.055988,72.506014,132.7894705882353
2409,871.7647058823529,1532.4705882352941,57.05882352941177,28.58823529411765,0.0,23.055988,72.506014,132.78982352941176
2410,868.2352941176471,1532.5294117647059,56.94117647058823,28.41176470588235,0.0,23.055988,72.506014,132.79017647058825
2411,864.7058823529412,1532.5882352941176,56.8235294117647,28.235294117647058,0.0,23.055988,72.506014,132.7905294117647
2412,861.1764705882352,1532.6470588235295,56.705882352941174,28.058823529411764,0.0,23.055988,72.506014,132.7908823529412
2413,857.6470588235294,1532.7058823529412,56.588235294117645,27.88235294117647,0.0,23.055988,72.506014,132.79123529411766
2414,854.1176470588235,1532.764705882353,56.470588235294116,27.705882352941178,0.0,23.055988,72.506014,132.7915882352941
2415,850.5882352941177,1532.8235294117646,56.35294117647059,27.529411764705884,0.0,23.055988,72.506014,132.7919411764706
2416,847.0588235294117,1532.8823529411766,56.23529411764706,27.352941176470587,0.0,23.055988,72.506014,132.79229411764706
2417,843.5294117647059,1532.9411764705883,56.11764705882353,27.176470588235293,0.0,23.055988,72.506014,132.79264705882355
2418,840.0,1533.0,56.0,27.0,0.0,23.055988,72.506014,132.793
2419,834.0,1532.0,58.0,27.0,0.0,23.055988,72.506014,132.795
2420,827.0,1531.0,58.0,27.0,0.0,23.055988,72.506014,132.795
2421,821.0,1530.0,60.0,28.0,0.0,23.055988,72.506014,132.795
2422,817.0,1528.0,60.0,29.0,0.0,23.055988,72.506014,132.795
2423,813.0,1528.0,60.0,29.0,0.0,23.055988,72.506014,132.795
2424,810.0,1527.0,60.0,30.0,0.0,23.055988,72.506014,132.795
2425,809.0,1527.0,59.0,29.0,0.0,23.055988,72.506014,132.795
2426,804.0,1526.0,60.0,31.0,0.0,23.055988,72.506014,132.795
2427,801.0,1527.0,59.0,30.0,0.0,23.055988,72.506014,132.795
2428,798.0,1529.0,57.0,29.0,0.0,23.055988,72.506014,132.795
2429,806.0,1526.0,37.0,30.0,0.0,23.055988,72.506014,132.795
2430,800.1666666666666,1526.1666666666667,40.0,30.166666666666668,0.0,23.055988,72.506014,132.79533333333333
2431,794.3333333333334,1526.3333333333333,43.0,30.333333333333332,0.0,23.055988,72.506014,132.79566666666665
2432,788.5,1526.5,46.0,30.5,0.0,23.055988,72.506014,132.796
2433,782.6666666666666,1526.6666666666667,49.0,30.666666666666668,0.0,23.055988,72.506014,132.79633333333334
2434,776.8333333333334,1526.8333333333333,52.0,30.833333333333332,0.0,23.055988,72.506014,132.79666666666665
2435,771.0,1527.0,55.0,31.0,0.0,23.055988,72.506014,132.797
2436,767.0,1527.0,55.0,31.0,0.0,23.055988,72.506014,132.797
2437,763.0,1526.0,53.0,32.0,0.0,23.055988,72.506014,132.793
2438,760.0,1526.0,54.0,31.0,0.0,23.055988,72.506014,132.793
2439,758.0,1526.0,54.0,31.0,0.0,23.055988,72.506014,132.793
2440,756.0,1527.0,53.0,31.0,0.0,23.055988,72.506014,132.793
2441,754.0,1526.0,53.0,32.0,0.0,23.055988,72.506014,132.793
2442,750.0,1526.0,52.0,32.0,0.0,23.055988,72.506014,132.793
2443,746.0,1525.75,52.5,31.5,0.0,23.055988,72.50601424999999,132.79325
2444,742.0,1525.5,53.0,31.0,0.0,23.055988,72.50601449999999,132.7935
2445,738.0,1525.25,53.5,30.5,0.0,23.055988,72.50601475,132.79375000000002
2446,734.0,1525.0,54.0,30.0,0.0,23.055988,72.506015,132.794
2447,730.0,1523.0,55.0,31.0,0.0,23.055988,72.506015,132.794
2448,726.0,1523.0,56.0,31.0,0.0,23.055988,72.506015,132.794
2449,722.0,1524.0,58.0,30.0,0.0,23.055988,72.506015,132.792
2450,718.0,1523.0,60.0,31.0,0.0,23.055988,72.506015,132.792
2451,714.0,1522.0,60.0,31.0,0.0,23.055988,72.506015,132.792
2452,709.0,1523.0,60.0,31.0,0.0,23.055988,72.506015,132.792
2453,704.0,1522.0,60.0,32.0,0.0,23.055988,72.506015,132.792
2454,699.0,1521.0,61.0,32.0,0.0,23.055988,72.506015,132.792
2455,698.0,1520.0,59.0,32.0,0.0,23.055988,72.506015,132.79
2456,693.0,1518.0,58.0,32.0,0.0,23.055988,72.506015,132.79
2457,689.0,1518.0,57.0,32.0,0.0,23.055988,72.506015,132.79
2458,686.0,1517.0,55.0,32.0,0.0,23.055988,72.506015,132.79
2459,679.0,1518.0,56.0,31.0,0.0,23.055988,72.506015,132.79
2460,672.0,1517.0,55.0,31.0,0.0,23.055988,72.506015,132.79
2461,668.0,1518.0,54.0,31.0,0.0,23.055988,72.506015,132.791
2462,665.0,1517.0,53.0,30.0,0.0,23.055988,72.506015,132.791
2463,661.0,1517.0,53.0,30.0,0.0,23.055988,72.506015,132.791
2464,659.0,1517.0,54.0,30.0,0.0,23.055988,72.506015,132.791
2465,654.0,1517.0,54.0,29.0,0.0,23.055988,72.506015,132.791
2466,651.0,1516.0,54.0,29.0,0.0,23.055988,72.506015,132.791
2467,647.0,1516.0,54.0,29.0,0.0,23.055988,72.506015,132.785
2468,646.0,1515.0,54.0,29.0,0.0,23.055988,72.506015,132.785
2469,644.0,1514.0,54.0,29.0,0.0,23.055988,72.506015,132.785
2470,640.0,1514.0,56.0,28.0,0.0,23.055988,72.506015,132.785
2471,638.0,1513.0,57.0,28.0,0.0,23.055988,72.506015,132.785
2472,634.0,1513.0,57.0,28.0,0.0,23.055988,72.506015,132.785
2473,628.0,1514.0,57.0,27.0,0.0,23.055988,72.506015,132.78
2474,623.0,1513.0,57.0,28.0,0.0,23.055988,72.506015,132.78
2475,619.0,1513.0,56.0,29.0,0.0,23.055988,72.506015,132.78
2476,614.5,1512.75,56.75,29.0,0.0,23.055988,72.506015,132.78050000000002
2477,610.0,1512.5,57.5,29.0,0.0,23.055988,72.506015,132.781
2478,605.5,1512.25,58.25,29.0,0.0,23.055988,72.506015,132.7815
2479,601.0,1512.0,59.0,29.0,0.0,23.055988,72.506015,132.782
2480,595.0,1512.0,59.0,29.0,0.0,23.055988,72.506015,132.782
2481,592.5,1511.8333333333333,59.0,28.5,0.0,23.055988,72.506015,132.78216666666668
2482,590.0,1511.6666666666667,59.0,28.0,0.0,23.055988,72.506015,132.78233333333333
2483,587.5,1511.5,59.0,27.5,0.0,23.055988,72.506015,132.7825
2484,585.0,1511.3333333333333,59.0,27.0,0.0,23.055988,72.506015,132.78266666666667
2485,582.5,1511.1666666666667,59.0,26.5,0.0,23.055988,72.506015,132.78283333333331
2486,580.0,1511.0,59.0,26.0,0.0,23.055988,72.506015,132.783
2487,574.0,1510.0,60.0,27.0,0.0,23.055988,72.506015,132.783
